# time slot,request num,vertex1,vertex2,edge num,flow in slot,in port,out port
0,0,0,38,0,10.000000,-1,0
4,0,0,38,0,10.000000,-1,0
0,0,0,38,0,8.000000,-1,0
4,0,0,38,0,8.000000,-1,0
1,0,0,38,0,10.000000,-1,0
5,0,0,38,0,10.000000,-1,0
1,0,0,38,0,8.000000,-1,0
5,0,0,38,0,8.000000,-1,0
2,0,0,38,0,2.000000,-1,0
2,14,0,38,0,9.000000,-1,0
6,14,0,38,0,9.000000,-1,0
2,14,0,38,0,7.000000,-1,0
7,14,0,38,0,9.000000,-1,0
3,14,0,38,0,9.000000,-1,0
7,14,0,38,0,9.000000,-1,0
6,14,0,38,0,9.000000,-1,0
3,14,0,38,0,5.000000,-1,0
0,15,1,38,1,8.000000,-1,0
6,15,1,38,1,8.000000,-1,0
4,15,1,38,1,8.000000,-1,0
2,15,1,38,1,8.000000,-1,0
1,15,1,38,1,8.000000,-1,0
7,15,1,38,1,8.000000,-1,0
5,15,1,38,1,8.000000,-1,0
3,15,1,38,1,2.000000,-1,0
0,1,2,38,2,6.000000,-1,0
6,1,2,38,2,6.000000,-1,0
4,1,2,38,2,6.000000,-1,0
2,1,2,38,2,6.000000,-1,0
1,1,2,38,2,6.000000,-1,0
7,1,2,38,2,6.000000,-1,0
5,1,2,38,2,5.000000,-1,0
3,17,38,0,3,11.000000,-1,0
7,17,38,0,3,11.000000,-1,0
4,17,38,0,3,8.000000,-1,0
0,17,38,0,3,11.000000,-1,0
4,17,38,0,3,3.000000,-1,0
1,17,38,0,3,8.000000,-1,0
5,17,38,0,3,11.000000,-1,0
1,17,38,0,3,3.000000,-1,0
3,2,38,1,4,6.000000,-1,1
7,2,38,1,4,6.000000,-1,1
3,2,38,1,4,6.000000,-1,1
7,2,38,1,4,6.000000,-1,1
3,2,38,1,4,5.000000,-1,1
7,2,38,1,4,5.000000,-1,1
4,2,38,1,4,5.000000,-1,1
5,10,38,1,4,6.000000,-1,1
4,10,38,1,4,6.000000,-1,1
2,10,38,1,4,6.000000,-1,1
0,10,38,1,4,6.000000,-1,1
6,10,38,1,4,6.000000,-1,1
4,10,38,1,4,6.000000,-1,1
0,10,38,1,4,5.000000,-1,1
5,20,38,1,4,2.000000,-1,1
5,20,38,1,4,2.000000,-1,1
5,20,38,1,4,6.000000,-1,1
5,20,38,1,4,1.000000,-1,1
6,20,38,1,4,5.000000,-1,1
0,20,38,1,4,1.000000,-1,1
0,20,38,1,4,2.000000,-1,1
0,20,38,1,4,3.000000,-1,1
1,20,38,1,4,1.000000,-1,1
1,20,38,1,4,5.000000,-1,1
2,20,38,1,4,1.000000,-1,1
1,26,38,1,4,2.000000,-1,1
1,26,38,1,4,2.000000,-1,1
1,26,38,1,4,2.000000,-1,1
1,26,38,1,4,2.000000,-1,1
1,26,38,1,4,1.000000,-1,1
5,8,38,2,5,11.000000,-1,2
3,8,38,2,5,11.000000,-1,2
1,8,38,2,5,11.000000,-1,2
7,8,38,2,5,11.000000,-1,2
5,8,38,2,5,5.000000,-1,2
3,8,38,2,5,5.000000,-1,2
1,8,38,2,5,5.000000,-1,2
7,8,38,2,5,5.000000,-1,2
6,8,38,2,5,11.000000,-1,2
4,8,38,2,5,7.000000,-1,2
3,18,38,2,5,2.000000,-1,2
7,18,38,2,5,10.000000,-1,2
4,18,38,2,5,7.000000,-1,2
0,18,38,2,5,2.000000,-1,2
4,18,38,2,5,3.000000,-1,2
1,18,38,2,5,7.000000,-1,2
5,18,38,2,5,10.000000,-1,2
1,18,38,2,5,3.000000,-1,2
6,18,38,2,5,2.000000,-1,2
6,21,38,2,5,5.000000,-1,2
4,21,38,2,5,6.000000,-1,2
2,21,38,2,5,6.000000,-1,2
0,21,38,2,5,6.000000,-1,2
0,21,38,2,5,6.000000,-1,2
0,21,38,2,5,4.000000,-1,2
2,21,38,2,5,6.000000,-1,2
2,21,38,2,5,2.000000,-1,2
4,27,38,2,5,11.000000,-1,2
0,27,38,2,5,9.000000,-1,2
5,27,38,2,5,7.000000,-1,2
1,27,38,2,5,5.000000,-1,2
5,27,38,2,5,3.000000,-1,2
2,27,38,2,5,11.000000,-1,2
6,27,38,2,5,11.000000,-1,2
2,27,38,2,5,3.000000,-1,2
6,27,38,2,5,3.000000,-1,2
0,27,38,2,5,2.000000,-1,2
0,18,3,36,6,11.000000,-1,0
4,18,3,36,6,11.000000,-1,0
0,18,3,36,6,7.000000,-1,0
5,18,3,36,6,11.000000,-1,0
1,18,3,36,6,11.000000,-1,0
5,18,3,36,6,7.000000,-1,0
2,18,3,36,6,11.000000,-1,0
6,18,3,36,6,11.000000,-1,0
2,18,3,36,6,2.000000,-1,0
1,22,3,36,6,7.000000,-1,0
7,22,3,36,6,8.000000,-1,0
6,22,3,36,6,7.000000,-1,0
4,22,3,36,6,7.000000,-1,0
2,22,3,36,6,5.000000,-1,0
3,22,3,36,6,8.000000,-1,0
3,22,3,36,6,8.000000,-1,0
3,22,3,36,6,2.000000,-1,0
7,22,3,36,6,6.000000,-1,0
0,16,4,36,7,2.000000,-1,0
2,16,4,36,7,2.000000,-1,0
4,16,4,36,7,2.000000,-1,0
6,16,4,36,7,2.000000,-1,0
0,16,4,36,7,1.000000,-1,0
0,23,4,36,7,8.000000,-1,0
6,23,4,36,7,9.000000,-1,0
4,23,4,36,7,9.000000,-1,0
2,23,4,36,7,9.000000,-1,0
1,23,4,36,7,10.000000,-1,0
7,23,4,36,7,10.000000,-1,0
5,23,4,36,7,10.000000,-1,0
3,23,4,36,7,9.000000,-1,0
0,17,5,36,8,11.000000,-1,0
4,17,5,36,8,11.000000,-1,0
0,17,5,36,8,8.000000,-1,0
5,17,5,36,8,11.000000,-1,0
1,17,5,36,8,11.000000,-1,0
5,17,5,36,8,8.000000,-1,0
2,17,5,36,8,11.000000,-1,0
6,17,5,36,8,11.000000,-1,0
1,24,5,36,8,8.000000,-1,0
7,24,5,36,8,9.000000,-1,0
6,24,5,36,8,8.000000,-1,0
4,24,5,36,8,8.000000,-1,0
2,24,5,36,8,8.000000,-1,0
3,24,5,36,8,9.000000,-1,0
3,24,5,36,8,9.000000,-1,0
3,24,5,36,8,1.000000,-1,0
7,24,5,36,8,6.000000,-1,0
3,0,36,3,9,10.000000,-1,0
7,0,36,3,9,10.000000,-1,0
3,0,36,3,9,8.000000,-1,0
7,0,36,3,9,8.000000,-1,0
4,0,36,3,9,10.000000,-1,0
0,0,36,3,9,10.000000,-1,0
4,0,36,3,9,8.000000,-1,0
0,0,36,3,9,8.000000,-1,0
5,0,36,3,9,2.000000,-1,0
4,11,36,3,9,6.000000,-1,0
0,11,36,3,9,6.000000,-1,0
5,11,36,3,9,6.000000,-1,0
1,11,36,3,9,6.000000,-1,0
5,11,36,3,9,6.000000,-1,0
1,11,36,3,9,6.000000,-1,0
5,11,36,3,9,5.000000,-1,0
6,29,36,3,9,8.000000,-1,0
5,29,36,3,9,2.000000,-1,0
3,29,36,3,9,6.000000,-1,0
2,29,36,3,9,8.000000,-1,0
1,29,36,3,9,10.000000,-1,0
7,29,36,3,9,6.000000,-1,0
1,29,36,3,9,2.000000,-1,0
2,29,36,3,9,2.000000,-1,0
2,29,36,3,9,2.000000,-1,0
6,29,36,3,9,2.000000,-1,0
5,6,36,4,10,8.000000,-1,1
3,6,36,4,10,8.000000,-1,1
1,6,36,4,10,8.000000,-1,1
7,6,36,4,10,8.000000,-1,1
6,6,36,4,10,8.000000,-1,1
4,6,36,4,10,8.000000,-1,1
2,6,36,4,10,8.000000,-1,1
0,6,36,4,10,2.000000,-1,1
5,14,36,4,10,8.000000,-1,1
1,14,36,4,10,8.000000,-1,1
6,14,36,4,10,7.000000,-1,1
2,14,36,4,10,8.000000,-1,1
6,14,36,4,10,1.000000,-1,1
3,14,36,4,10,8.000000,-1,1
4,14,36,4,10,8.000000,-1,1
7,14,36,4,10,5.000000,-1,1
5,9,36,5,11,9.000000,-1,2
3,9,36,5,11,10.000000,-1,2
1,9,36,5,11,10.000000,-1,2
7,9,36,5,11,10.000000,-1,2
6,9,36,5,11,10.000000,-1,2
4,9,36,5,11,10.000000,-1,2
2,9,36,5,11,10.000000,-1,2
0,9,36,5,11,5.000000,-1,2
1,16,36,5,11,1.000000,-1,2
3,16,36,5,11,1.000000,-1,2
5,16,36,5,11,2.000000,-1,2
7,16,36,5,11,1.000000,-1,2
2,16,36,5,11,1.000000,-1,2
0,2,6,39,12,6.000000,-1,0
4,2,6,39,12,6.000000,-1,0
0,2,6,39,12,6.000000,-1,0
4,2,6,39,12,6.000000,-1,0
0,2,6,39,12,6.000000,-1,0
4,2,6,39,12,6.000000,-1,0
1,2,6,39,12,5.000000,-1,0
1,11,6,39,12,6.000000,-1,0
5,11,6,39,12,6.000000,-1,0
1,11,6,39,12,6.000000,-1,0
6,11,6,39,12,6.000000,-1,0
2,11,6,39,12,6.000000,-1,0
6,11,6,39,12,6.000000,-1,0
2,11,6,39,12,5.000000,-1,0
1,25,6,39,12,1.000000,-1,0
7,25,6,39,12,8.000000,-1,0
5,25,6,39,12,8.000000,-1,0
3,25,6,39,12,8.000000,-1,0
2,25,6,39,12,7.000000,-1,0
3,25,6,39,12,8.000000,-1,0
3,25,6,39,12,2.000000,-1,0
5,25,6,39,12,4.000000,-1,0
6,25,6,39,12,6.000000,-1,0
7,25,6,39,12,6.000000,-1,0
0,3,7,39,13,8.000000,-1,0
6,3,7,39,13,8.000000,-1,0
4,3,7,39,13,8.000000,-1,0
2,3,7,39,13,8.000000,-1,0
0,3,7,39,13,8.000000,-1,0
7,3,7,39,13,8.000000,-1,0
5,3,7,39,13,8.000000,-1,0
3,3,7,39,13,2.000000,-1,0
1,12,7,39,13,8.000000,-1,0
7,12,7,39,13,8.000000,-1,0
5,12,7,39,13,8.000000,-1,0
3,12,7,39,13,8.000000,-1,0
1,12,7,39,13,8.000000,-1,0
2,12,7,39,13,8.000000,-1,0
3,12,7,39,13,6.000000,-1,0
4,12,7,39,13,4.000000,-1,0
4,26,7,39,13,2.000000,-1,0
4,26,7,39,13,2.000000,-1,0
6,26,7,39,13,2.000000,-1,0
6,26,7,39,13,2.000000,-1,0
6,26,7,39,13,1.000000,-1,0
0,4,8,39,14,10.000000,-1,0
2,4,8,39,14,10.000000,-1,0
4,4,8,39,14,10.000000,-1,0
6,4,8,39,14,10.000000,-1,0
0,4,8,39,14,10.000000,-1,0
3,4,8,39,14,10.000000,-1,0
5,4,8,39,14,10.000000,-1,0
7,4,8,39,14,4.000000,-1,0
0,13,8,39,14,9.000000,-1,0
6,13,8,39,14,10.000000,-1,0
4,13,8,39,14,10.000000,-1,0
2,13,8,39,14,10.000000,-1,0
1,13,8,39,14,10.000000,-1,0
7,13,8,39,14,10.000000,-1,0
5,13,8,39,14,10.000000,-1,0
3,13,8,39,14,5.000000,-1,0
1,27,8,39,14,11.000000,-1,0
5,27,8,39,14,9.000000,-1,0
1,27,8,39,14,8.000000,-1,0
6,27,8,39,14,9.000000,-1,0
2,27,8,39,14,9.000000,-1,0
7,27,8,39,14,11.000000,-1,0
3,27,8,39,14,11.000000,-1,0
7,27,8,39,14,4.000000,-1,0
3,27,8,39,14,3.000000,-1,0
4,27,8,39,14,7.000000,-1,0
1,4,39,6,15,10.000000,-1,0
3,4,39,6,15,10.000000,-1,0
5,4,39,6,15,10.000000,-1,0
7,4,39,6,15,10.000000,-1,0
2,4,39,6,15,10.000000,-1,0
4,4,39,6,15,10.000000,-1,0
6,4,39,6,15,10.000000,-1,0
0,4,39,6,15,4.000000,-1,0
5,7,39,7,16,2.000000,-1,1
3,7,39,7,16,2.000000,-1,1
1,7,39,7,16,2.000000,-1,1
7,7,39,7,16,2.000000,-1,1
6,7,39,7,16,1.000000,-1,1
2,2,31,38,18,6.000000,-1,1
6,2,31,38,18,6.000000,-1,1
2,2,31,38,18,6.000000,-1,1
6,2,31,38,18,6.000000,-1,1
2,2,31,38,18,6.000000,-1,1
6,2,31,38,18,6.000000,-1,1
3,2,31,38,18,5.000000,-1,1
4,8,31,38,18,11.000000,-1,1
2,8,31,38,18,11.000000,-1,1
0,8,31,38,18,11.000000,-1,1
6,8,31,38,18,11.000000,-1,1
4,8,31,38,18,5.000000,-1,1
2,8,31,38,18,5.000000,-1,1
0,8,31,38,18,5.000000,-1,1
6,8,31,38,18,5.000000,-1,1
5,8,31,38,18,11.000000,-1,1
3,8,31,38,18,7.000000,-1,1
4,10,31,38,18,6.000000,-1,1
2,10,31,38,18,6.000000,-1,1
1,10,31,38,18,6.000000,-1,1
7,10,31,38,18,6.000000,-1,1
5,10,31,38,18,6.000000,-1,1
3,10,31,38,18,6.000000,-1,1
6,10,31,38,18,5.000000,-1,1
2,17,31,38,18,11.000000,-1,1
6,17,31,38,18,11.000000,-1,1
2,17,31,38,18,8.000000,-1,1
7,17,31,38,18,11.000000,-1,1
3,17,31,38,18,11.000000,-1,1
7,17,31,38,18,8.000000,-1,1
4,17,31,38,18,11.000000,-1,1
0,17,31,38,18,11.000000,-1,1
2,18,31,38,18,2.000000,-1,1
6,18,31,38,18,10.000000,-1,1
3,18,31,38,18,7.000000,-1,1
7,18,31,38,18,2.000000,-1,1
3,18,31,38,18,3.000000,-1,1
0,18,31,38,18,7.000000,-1,1
4,18,31,38,18,10.000000,-1,1
0,18,31,38,18,3.000000,-1,1
5,18,31,38,18,2.000000,-1,1
4,20,31,38,18,2.000000,-1,1
2,20,31,38,18,2.000000,-1,1
3,20,31,38,18,6.000000,-1,1
3,20,31,38,18,1.000000,-1,1
5,20,31,38,18,5.000000,-1,1
6,20,31,38,18,1.000000,-1,1
6,20,31,38,18,2.000000,-1,1
7,20,31,38,18,5.000000,-1,1
0,20,31,38,18,1.000000,-1,1
0,20,31,38,18,5.000000,-1,1
1,20,31,38,18,1.000000,-1,1
5,21,31,38,18,5.000000,-1,1
3,21,31,38,18,6.000000,-1,1
1,21,31,38,18,6.000000,-1,1
7,21,31,38,18,6.000000,-1,1
7,21,31,38,18,6.000000,-1,1
7,21,31,38,18,4.000000,-1,1
1,21,31,38,18,6.000000,-1,1
1,21,31,38,18,2.000000,-1,1
7,26,31,38,18,2.000000,-1,1
7,26,31,38,18,2.000000,-1,1
0,26,31,38,18,2.000000,-1,1
0,26,31,38,18,2.000000,-1,1
0,26,31,38,18,1.000000,-1,1
3,27,31,38,18,11.000000,-1,1
7,27,31,38,18,9.000000,-1,1
4,27,31,38,18,7.000000,-1,1
0,27,31,38,18,5.000000,-1,1
4,27,31,38,18,9.000000,-1,1
1,27,31,38,18,11.000000,-1,1
5,27,31,38,18,11.000000,-1,1
1,27,31,38,18,3.000000,-1,1
5,27,31,38,18,3.000000,-1,1
7,27,31,38,18,2.000000,-1,1
1,0,38,31,19,10.000000,-1,3
5,0,38,31,19,10.000000,-1,3
1,0,38,31,19,8.000000,-1,3
5,0,38,31,19,8.000000,-1,3
2,0,38,31,19,10.000000,-1,3
6,0,38,31,19,10.000000,-1,3
2,0,38,31,19,8.000000,-1,3
6,0,38,31,19,8.000000,-1,3
3,0,38,31,19,2.000000,-1,3
3,14,38,31,19,9.000000,-1,3
7,14,38,31,19,9.000000,-1,3
3,14,38,31,19,7.000000,-1,3
0,14,38,31,19,9.000000,-1,3
4,14,38,31,19,9.000000,-1,3
0,14,38,31,19,9.000000,-1,3
7,14,38,31,19,9.000000,-1,3
4,14,38,31,19,5.000000,-1,3
2,0,31,36,20,10.000000,-1,0
6,0,31,36,20,10.000000,-1,0
2,0,31,36,20,8.000000,-1,0
6,0,31,36,20,8.000000,-1,0
3,0,31,36,20,10.000000,-1,0
7,0,31,36,20,10.000000,-1,0
3,0,31,36,20,8.000000,-1,0
7,0,31,36,20,8.000000,-1,0
4,0,31,36,20,2.000000,-1,0
4,6,31,36,20,8.000000,-1,0
2,6,31,36,20,8.000000,-1,0
0,6,31,36,20,8.000000,-1,0
6,6,31,36,20,8.000000,-1,0
5,6,31,36,20,8.000000,-1,0
3,6,31,36,20,8.000000,-1,0
1,6,31,36,20,8.000000,-1,0
7,6,31,36,20,2.000000,-1,0
4,9,31,36,20,9.000000,-1,0
2,9,31,36,20,10.000000,-1,0
0,9,31,36,20,10.000000,-1,0
6,9,31,36,20,10.000000,-1,0
5,9,31,36,20,10.000000,-1,0
3,9,31,36,20,10.000000,-1,0
1,9,31,36,20,10.000000,-1,0
7,9,31,36,20,5.000000,-1,0
3,11,31,36,20,6.000000,-1,0
7,11,31,36,20,6.000000,-1,0
3,11,31,36,20,6.000000,-1,0
0,11,31,36,20,6.000000,-1,0
4,11,31,36,20,6.000000,-1,0
0,11,31,36,20,6.000000,-1,0
4,11,31,36,20,5.000000,-1,0
4,14,31,36,20,9.000000,-1,0
0,14,31,36,20,9.000000,-1,0
4,14,31,36,20,7.000000,-1,0
1,14,31,36,20,9.000000,-1,0
5,14,31,36,20,9.000000,-1,0
1,14,31,36,20,9.000000,-1,0
0,14,31,36,20,9.000000,-1,0
5,14,31,36,20,5.000000,-1,0
5,29,31,36,20,8.000000,-1,0
4,29,31,36,20,2.000000,-1,0
2,29,31,36,20,8.000000,-1,0
1,29,31,36,20,8.000000,-1,0
7,29,31,36,20,10.000000,-1,0
6,29,31,36,20,8.000000,-1,0
7,29,31,36,20,7.000000,-1,0
1,29,31,36,20,2.000000,-1,0
1,29,31,36,20,2.000000,-1,0
5,29,31,36,20,2.000000,-1,0
1,17,36,31,21,11.000000,-1,3
5,17,36,31,21,11.000000,-1,3
1,17,36,31,21,8.000000,-1,3
6,17,36,31,21,11.000000,-1,3
2,17,36,31,21,11.000000,-1,3
6,17,36,31,21,8.000000,-1,3
3,17,36,31,21,11.000000,-1,3
7,17,36,31,21,11.000000,-1,3
1,18,36,31,21,2.000000,-1,3
5,18,36,31,21,10.000000,-1,3
2,18,36,31,21,7.000000,-1,3
6,18,36,31,21,2.000000,-1,3
2,18,36,31,21,3.000000,-1,3
7,18,36,31,21,7.000000,-1,3
3,18,36,31,21,10.000000,-1,3
7,18,36,31,21,3.000000,-1,3
4,18,36,31,21,2.000000,-1,3
4,7,31,39,22,2.000000,-1,2
2,7,31,39,22,2.000000,-1,2
0,7,31,39,22,2.000000,-1,2
6,7,31,39,22,2.000000,-1,2
5,7,31,39,22,1.000000,-1,2
1,2,39,31,23,6.000000,-1,3
5,2,39,31,23,6.000000,-1,3
1,2,39,31,23,6.000000,-1,3
5,2,39,31,23,6.000000,-1,3
1,2,39,31,23,6.000000,-1,3
5,2,39,31,23,6.000000,-1,3
2,2,39,31,23,5.000000,-1,3
1,3,39,31,23,8.000000,-1,3
7,3,39,31,23,8.000000,-1,3
5,3,39,31,23,8.000000,-1,3
3,3,39,31,23,8.000000,-1,3
1,3,39,31,23,8.000000,-1,3
0,3,39,31,23,8.000000,-1,3
6,3,39,31,23,8.000000,-1,3
4,3,39,31,23,2.000000,-1,3
2,11,39,31,23,6.000000,-1,3
6,11,39,31,23,6.000000,-1,3
2,11,39,31,23,6.000000,-1,3
7,11,39,31,23,6.000000,-1,3
3,11,39,31,23,6.000000,-1,3
7,11,39,31,23,6.000000,-1,3
3,11,39,31,23,5.000000,-1,3
2,25,39,31,23,1.000000,-1,3
0,25,39,31,23,8.000000,-1,3
6,25,39,31,23,8.000000,-1,3
4,25,39,31,23,8.000000,-1,3
3,25,39,31,23,7.000000,-1,3
4,25,39,31,23,8.000000,-1,3
4,25,39,31,23,2.000000,-1,3
6,25,39,31,23,4.000000,-1,3
7,25,39,31,23,6.000000,-1,3
0,25,39,31,23,6.000000,-1,3
5,26,39,31,23,2.000000,-1,3
5,26,39,31,23,2.000000,-1,3
7,26,39,31,23,2.000000,-1,3
7,26,39,31,23,2.000000,-1,3
7,26,39,31,23,1.000000,-1,3
2,27,39,31,23,11.000000,-1,3
6,27,39,31,23,9.000000,-1,3
2,27,39,31,23,7.000000,-1,3
7,27,39,31,23,5.000000,-1,3
3,27,39,31,23,9.000000,-1,3
0,27,39,31,23,11.000000,-1,3
4,27,39,31,23,11.000000,-1,3
0,27,39,31,23,3.000000,-1,3
4,27,39,31,23,3.000000,-1,3
5,27,39,31,23,6.000000,-1,3
1,1,38,34,31,6.000000,-1,5
7,1,38,34,31,6.000000,-1,5
5,1,38,34,31,6.000000,-1,5
3,1,38,34,31,6.000000,-1,5
2,1,38,34,31,6.000000,-1,5
0,1,38,34,31,6.000000,-1,5
6,1,38,34,31,5.000000,-1,5
1,15,38,34,31,7.000000,-1,5
7,15,38,34,31,7.000000,-1,5
5,15,38,34,31,7.000000,-1,5
3,15,38,34,31,7.000000,-1,5
2,15,38,34,31,7.000000,-1,5
0,15,38,34,31,7.000000,-1,5
6,15,38,34,31,8.000000,-1,5
4,15,38,34,31,2.000000,-1,5
2,22,36,34,33,7.000000,-1,5
0,22,36,34,33,8.000000,-1,5
7,22,36,34,33,7.000000,-1,5
5,22,36,34,33,7.000000,-1,5
3,22,36,34,33,5.000000,-1,5
4,22,36,34,33,8.000000,-1,5
4,22,36,34,33,8.000000,-1,5
4,22,36,34,33,2.000000,-1,5
0,22,36,34,33,6.000000,-1,5
1,23,36,34,33,8.000000,-1,5
7,23,36,34,33,9.000000,-1,5
5,23,36,34,33,9.000000,-1,5
3,23,36,34,33,9.000000,-1,5
2,23,36,34,33,10.000000,-1,5
0,23,36,34,33,10.000000,-1,5
6,23,36,34,33,10.000000,-1,5
4,23,36,34,33,7.000000,-1,5
2,24,36,34,33,8.000000,-1,5
0,24,36,34,33,1.000000,-1,5
7,24,36,34,33,8.000000,-1,5
5,24,36,34,33,8.000000,-1,5
3,24,36,34,33,8.000000,-1,5
5,24,36,34,33,1.000000,-1,5
6,24,36,34,33,9.000000,-1,5
6,24,36,34,33,1.000000,-1,5
1,24,36,34,33,6.000000,-1,5
2,12,39,34,35,8.000000,-1,5
0,12,39,34,35,8.000000,-1,5
6,12,39,34,35,8.000000,-1,5
4,12,39,34,35,8.000000,-1,5
2,12,39,34,35,8.000000,-1,5
3,12,39,34,35,8.000000,-1,5
4,12,39,34,35,6.000000,-1,5
5,12,39,34,35,4.000000,-1,5
1,13,39,34,35,9.000000,-1,5
7,13,39,34,35,10.000000,-1,5
5,13,39,34,35,10.000000,-1,5
3,13,39,34,35,9.000000,-1,5
2,13,39,34,35,1.000000,-1,5
0,13,39,34,35,9.000000,-1,5
6,13,39,34,35,9.000000,-1,5
4,13,39,34,35,3.000000,-1,5
0,28,9,30,36,11.000000,-1,0
4,28,9,30,36,11.000000,-1,0
1,28,9,30,36,11.000000,-1,0
5,28,9,30,36,11.000000,-1,0
2,28,9,30,36,11.000000,-1,0
6,28,9,30,36,11.000000,-1,0
3,28,9,30,36,11.000000,-1,0
7,28,9,30,36,5.000000,-1,0
0,5,10,30,37,9.000000,-1,0
4,5,10,30,37,9.000000,-1,0
0,5,10,30,37,9.000000,-1,0
5,5,10,30,37,9.000000,-1,0
1,5,10,30,37,9.000000,-1,0
6,5,10,30,37,9.000000,-1,0
2,5,10,30,37,9.000000,-1,0
7,5,10,30,37,3.000000,-1,0
0,9,10,30,37,9.000000,-1,0
6,9,10,30,37,10.000000,-1,0
4,9,10,30,37,10.000000,-1,0
2,9,10,30,37,10.000000,-1,0
1,9,10,30,37,10.000000,-1,0
7,9,10,30,37,10.000000,-1,0
5,9,10,30,37,10.000000,-1,0
3,9,10,30,37,5.000000,-1,0
1,29,10,30,37,8.000000,-1,0
7,29,10,30,37,10.000000,-1,0
6,29,10,30,37,8.000000,-1,0
4,29,10,30,37,8.000000,-1,0
3,29,10,30,37,10.000000,-1,0
2,29,10,30,37,8.000000,-1,0
3,29,10,30,37,10.000000,-1,0
3,29,10,30,37,2.000000,-1,0
5,29,10,30,37,8.000000,-1,0
7,29,10,30,37,2.000000,-1,0
0,6,11,30,38,8.000000,-1,0
6,6,11,30,38,8.000000,-1,0
4,6,11,30,38,8.000000,-1,0
2,6,11,30,38,8.000000,-1,0
1,6,11,30,38,8.000000,-1,0
7,6,11,30,38,8.000000,-1,0
5,6,11,30,38,8.000000,-1,0
3,6,11,30,38,2.000000,-1,0
5,3,30,9,39,8.000000,-1,0
3,3,30,9,39,8.000000,-1,0
1,3,30,9,39,8.000000,-1,0
7,3,30,9,39,8.000000,-1,0
6,3,30,9,39,7.000000,-1,0
4,3,30,9,39,8.000000,-1,0
2,3,30,9,39,8.000000,-1,0
0,3,30,9,39,2.000000,-1,0
3,19,30,10,40,10.000000,-1,1
7,19,30,10,40,10.000000,-1,1
4,19,30,10,40,10.000000,-1,1
0,19,30,10,40,10.000000,-1,1
5,19,30,10,40,9.000000,-1,1
1,19,30,10,40,10.000000,-1,1
6,19,30,10,40,10.000000,-1,1
2,19,30,10,40,4.000000,-1,1
6,25,30,11,41,1.000000,-1,2
4,25,30,11,41,6.000000,-1,2
2,25,30,11,41,7.000000,-1,2
0,25,30,11,41,8.000000,-1,2
7,25,30,11,41,6.000000,-1,2
1,25,30,11,41,4.000000,-1,2
1,25,30,11,41,2.000000,-1,2
3,25,30,11,41,4.000000,-1,2
3,25,30,11,41,2.000000,-1,2
6,25,30,11,41,6.000000,-1,2
0,10,12,35,42,6.000000,-1,0
6,10,12,35,42,6.000000,-1,0
5,10,12,35,42,6.000000,-1,0
3,10,12,35,42,6.000000,-1,0
1,10,12,35,42,6.000000,-1,0
7,10,12,35,42,6.000000,-1,0
2,10,12,35,42,5.000000,-1,0
0,19,13,35,43,10.000000,-1,0
4,19,13,35,43,10.000000,-1,0
1,19,13,35,43,10.000000,-1,0
5,19,13,35,43,10.000000,-1,0
2,19,13,35,43,10.000000,-1,0
6,19,13,35,43,10.000000,-1,0
3,19,13,35,43,10.000000,-1,0
7,19,13,35,43,4.000000,-1,0
0,7,14,35,44,2.000000,-1,0
6,7,14,35,44,2.000000,-1,0
4,7,14,35,44,2.000000,-1,0
2,7,14,35,44,2.000000,-1,0
0,7,14,35,44,1.000000,-1,0
0,20,14,35,44,4.000000,-1,0
6,20,14,35,44,5.000000,-1,0
7,20,14,35,44,6.000000,-1,0
7,20,14,35,44,1.000000,-1,0
1,20,14,35,44,6.000000,-1,0
1,20,14,35,44,1.000000,-1,0
2,20,14,35,44,5.000000,-1,0
3,20,14,35,44,6.000000,-1,0
3,20,14,35,44,1.000000,-1,0
4,20,14,35,44,5.000000,-1,0
5,20,14,35,44,1.000000,-1,0
5,1,35,12,45,6.000000,-1,0
3,1,35,12,45,6.000000,-1,0
1,1,35,12,45,6.000000,-1,0
7,1,35,12,45,6.000000,-1,0
6,1,35,12,45,6.000000,-1,0
4,1,35,12,45,6.000000,-1,0
2,1,35,12,45,5.000000,-1,0
3,5,35,12,45,8.000000,-1,0
7,5,35,12,45,8.000000,-1,0
4,5,35,12,45,8.000000,-1,0
0,5,35,12,45,9.000000,-1,0
5,5,35,12,45,8.000000,-1,0
1,5,35,12,45,8.000000,-1,0
6,5,35,12,45,8.000000,-1,0
2,5,35,12,45,3.000000,-1,0
5,13,35,13,46,9.000000,-1,1
3,13,35,13,46,10.000000,-1,1
1,13,35,13,46,10.000000,-1,1
7,13,35,13,46,9.000000,-1,1
6,13,35,13,46,1.000000,-1,1
4,13,35,13,46,9.000000,-1,1
2,13,35,13,46,9.000000,-1,1
0,13,35,13,46,3.000000,-1,1
6,22,35,13,46,7.000000,-1,1
4,22,35,13,46,8.000000,-1,1
3,22,35,13,46,7.000000,-1,1
1,22,35,13,46,7.000000,-1,1
7,22,35,13,46,5.000000,-1,1
0,22,35,13,46,8.000000,-1,1
0,22,35,13,46,8.000000,-1,1
0,22,35,13,46,2.000000,-1,1
4,22,35,13,46,6.000000,-1,1
3,28,35,13,46,1.000000,-1,1
7,28,35,13,46,10.000000,-1,1
4,28,35,13,46,1.000000,-1,1
0,28,35,13,46,6.000000,-1,1
5,28,35,13,46,10.000000,-1,1
1,28,35,13,46,10.000000,-1,1
6,28,35,13,46,11.000000,-1,1
2,28,35,13,46,5.000000,-1,1
6,12,35,14,47,8.000000,-1,2
4,12,35,14,47,8.000000,-1,2
2,12,35,14,47,8.000000,-1,2
0,12,35,14,47,8.000000,-1,2
6,12,35,14,47,8.000000,-1,2
7,12,35,14,47,8.000000,-1,2
0,12,35,14,47,6.000000,-1,2
1,12,35,14,47,4.000000,-1,2
5,23,35,14,47,8.000000,-1,2
3,23,35,14,47,9.000000,-1,2
1,23,35,14,47,9.000000,-1,2
7,23,35,14,47,9.000000,-1,2
6,23,35,14,47,1.000000,-1,2
4,23,35,14,47,9.000000,-1,2
2,23,35,14,47,9.000000,-1,2
0,23,35,14,47,3.000000,-1,2
0,8,15,40,48,11.000000,-1,0
6,8,15,40,48,11.000000,-1,0
4,8,15,40,48,11.000000,-1,0
2,8,15,40,48,11.000000,-1,0
0,8,15,40,48,5.000000,-1,0
6,8,15,40,48,5.000000,-1,0
4,8,15,40,48,5.000000,-1,0
2,8,15,40,48,5.000000,-1,0
1,8,15,40,48,11.000000,-1,0
7,8,15,40,48,7.000000,-1,0
1,21,15,40,48,5.000000,-1,0
7,21,15,40,48,6.000000,-1,0
5,21,15,40,48,6.000000,-1,0
3,21,15,40,48,6.000000,-1,0
3,21,15,40,48,6.000000,-1,0
3,21,15,40,48,4.000000,-1,0
5,21,15,40,48,6.000000,-1,0
5,21,15,40,48,2.000000,-1,0
5,15,40,15,51,7.000000,-1,0
3,15,40,15,51,7.000000,-1,0
1,15,40,15,51,7.000000,-1,0
7,15,40,15,51,7.000000,-1,0
6,15,40,15,51,7.000000,-1,0
4,15,40,15,51,7.000000,-1,0
2,15,40,15,51,8.000000,-1,0
0,15,40,15,51,2.000000,-1,0
6,24,40,15,51,7.000000,-1,0
5,24,40,15,51,1.000000,-1,0
3,24,40,15,51,8.000000,-1,0
1,24,40,15,51,8.000000,-1,0
7,24,40,15,51,8.000000,-1,0
1,24,40,15,51,1.000000,-1,0
2,24,40,15,51,8.000000,-1,0
3,24,40,15,51,1.000000,-1,0
5,24,40,15,51,6.000000,-1,0
4,3,27,30,54,8.000000,-1,0
2,3,27,30,54,8.000000,-1,0
0,3,27,30,54,8.000000,-1,0
6,3,27,30,54,8.000000,-1,0
4,3,27,30,54,7.000000,-1,0
3,3,27,30,54,8.000000,-1,0
1,3,27,30,54,8.000000,-1,0
7,3,27,30,54,2.000000,-1,0
2,19,27,30,54,10.000000,-1,0
6,19,27,30,54,10.000000,-1,0
3,19,27,30,54,10.000000,-1,0
7,19,27,30,54,10.000000,-1,0
4,19,27,30,54,9.000000,-1,0
0,19,27,30,54,10.000000,-1,0
5,19,27,30,54,10.000000,-1,0
1,19,27,30,54,4.000000,-1,0
5,25,27,30,54,1.000000,-1,0
3,25,27,30,54,6.000000,-1,0
1,25,27,30,54,7.000000,-1,0
7,25,27,30,54,8.000000,-1,0
6,25,27,30,54,6.000000,-1,0
7,25,27,30,54,4.000000,-1,0
0,25,27,30,54,2.000000,-1,0
2,25,27,30,54,4.000000,-1,0
2,25,27,30,54,2.000000,-1,0
5,25,27,30,54,6.000000,-1,0
1,6,30,27,55,8.000000,-1,3
7,6,30,27,55,8.000000,-1,3
5,6,30,27,55,8.000000,-1,3
3,6,30,27,55,8.000000,-1,3
2,6,30,27,55,8.000000,-1,3
0,6,30,27,55,8.000000,-1,3
6,6,30,27,55,8.000000,-1,3
4,6,30,27,55,2.000000,-1,3
1,9,30,27,55,9.000000,-1,3
7,9,30,27,55,10.000000,-1,3
5,9,30,27,55,10.000000,-1,3
3,9,30,27,55,10.000000,-1,3
2,9,30,27,55,10.000000,-1,3
0,9,30,27,55,10.000000,-1,3
6,9,30,27,55,10.000000,-1,3
4,9,30,27,55,5.000000,-1,3
2,29,30,27,55,8.000000,-1,3
0,29,30,27,55,8.000000,-1,3
7,29,30,27,55,8.000000,-1,3
5,29,30,27,55,8.000000,-1,3
4,29,30,27,55,10.000000,-1,3
3,29,30,27,55,8.000000,-1,3
4,29,30,27,55,9.000000,-1,3
6,29,30,27,55,2.000000,-1,3
6,29,30,27,55,6.000000,-1,3
1,29,30,27,55,2.000000,-1,3
1,7,35,27,57,2.000000,-1,3
7,7,35,27,57,2.000000,-1,3
5,7,35,27,57,2.000000,-1,3
3,7,35,27,57,2.000000,-1,3
1,7,35,27,57,1.000000,-1,3
1,10,35,27,57,6.000000,-1,3
7,10,35,27,57,6.000000,-1,3
6,10,35,27,57,6.000000,-1,3
4,10,35,27,57,6.000000,-1,3
2,10,35,27,57,6.000000,-1,3
0,10,35,27,57,6.000000,-1,3
3,10,35,27,57,5.000000,-1,3
1,19,35,27,57,10.000000,-1,3
5,19,35,27,57,10.000000,-1,3
2,19,35,27,57,10.000000,-1,3
6,19,35,27,57,10.000000,-1,3
3,19,35,27,57,10.000000,-1,3
7,19,35,27,57,10.000000,-1,3
4,19,35,27,57,10.000000,-1,3
0,19,35,27,57,4.000000,-1,3
1,20,35,27,57,2.000000,-1,3
7,20,35,27,57,3.000000,-1,3
0,20,35,27,57,6.000000,-1,3
0,20,35,27,57,1.000000,-1,3
2,20,35,27,57,5.000000,-1,3
3,20,35,27,57,1.000000,-1,3
3,20,35,27,57,3.000000,-1,3
4,20,35,27,57,5.000000,-1,3
5,20,35,27,57,1.000000,-1,3
5,20,35,27,57,5.000000,-1,3
6,20,35,27,57,1.000000,-1,3
1,8,40,27,59,11.000000,-1,3
7,8,40,27,59,11.000000,-1,3
5,8,40,27,59,11.000000,-1,3
3,8,40,27,59,11.000000,-1,3
1,8,40,27,59,5.000000,-1,3
7,8,40,27,59,5.000000,-1,3
5,8,40,27,59,5.000000,-1,3
3,8,40,27,59,5.000000,-1,3
2,8,40,27,59,11.000000,-1,3
0,8,40,27,59,7.000000,-1,3
2,21,40,27,59,5.000000,-1,3
0,21,40,27,59,6.000000,-1,3
6,21,40,27,59,6.000000,-1,3
4,21,40,27,59,6.000000,-1,3
4,21,40,27,59,6.000000,-1,3
4,21,40,27,59,4.000000,-1,3
6,21,40,27,59,6.000000,-1,3
6,21,40,27,59,2.000000,-1,3
1,5,30,29,67,9.000000,-1,5
5,5,30,29,67,9.000000,-1,5
1,5,30,29,67,9.000000,-1,5
6,5,30,29,67,9.000000,-1,5
2,5,30,29,67,9.000000,-1,5
7,5,30,29,67,9.000000,-1,5
3,5,30,29,67,9.000000,-1,5
0,5,30,29,67,3.000000,-1,5
1,28,30,29,67,1.000000,-1,5
5,28,30,29,67,10.000000,-1,5
2,28,30,29,67,10.000000,-1,5
6,28,30,29,67,10.000000,-1,5
3,28,30,29,67,10.000000,-1,5
7,28,30,29,67,10.000000,-1,5
4,28,30,29,67,11.000000,-1,5
0,28,30,29,67,5.000000,-1,5
4,1,29,35,68,6.000000,-1,1
2,1,29,35,68,6.000000,-1,1
0,1,29,35,68,6.000000,-1,1
6,1,29,35,68,6.000000,-1,1
5,1,29,35,68,6.000000,-1,1
3,1,29,35,68,6.000000,-1,1
1,1,29,35,68,5.000000,-1,1
2,5,29,35,68,9.000000,-1,1
6,5,29,35,68,9.000000,-1,1
2,5,29,35,68,9.000000,-1,1
7,5,29,35,68,9.000000,-1,1
3,5,29,35,68,9.000000,-1,1
0,5,29,35,68,9.000000,-1,1
4,5,29,35,68,9.000000,-1,1
1,5,29,35,68,3.000000,-1,1
5,12,29,35,68,8.000000,-1,1
3,12,29,35,68,8.000000,-1,1
1,12,29,35,68,8.000000,-1,1
7,12,29,35,68,8.000000,-1,1
5,12,29,35,68,8.000000,-1,1
6,12,29,35,68,8.000000,-1,1
7,12,29,35,68,6.000000,-1,1
0,12,29,35,68,4.000000,-1,1
4,13,29,35,68,9.000000,-1,1
2,13,29,35,68,10.000000,-1,1
0,13,29,35,68,10.000000,-1,1
6,13,29,35,68,9.000000,-1,1
5,13,29,35,68,1.000000,-1,1
3,13,29,35,68,9.000000,-1,1
1,13,29,35,68,9.000000,-1,1
7,13,29,35,68,3.000000,-1,1
5,22,29,35,68,7.000000,-1,1
3,22,29,35,68,8.000000,-1,1
2,22,29,35,68,7.000000,-1,1
0,22,29,35,68,7.000000,-1,1
6,22,29,35,68,5.000000,-1,1
7,22,29,35,68,8.000000,-1,1
7,22,29,35,68,8.000000,-1,1
7,22,29,35,68,2.000000,-1,1
3,22,29,35,68,6.000000,-1,1
4,23,29,35,68,8.000000,-1,1
2,23,29,35,68,9.000000,-1,1
0,23,29,35,68,9.000000,-1,1
6,23,29,35,68,9.000000,-1,1
5,23,29,35,68,10.000000,-1,1
3,23,29,35,68,10.000000,-1,1
1,23,29,35,68,10.000000,-1,1
7,23,29,35,68,7.000000,-1,1
2,28,29,35,68,1.000000,-1,1
6,28,29,35,68,10.000000,-1,1
3,28,29,35,68,1.000000,-1,1
7,28,29,35,68,6.000000,-1,1
4,28,29,35,68,10.000000,-1,1
0,28,29,35,68,10.000000,-1,1
5,28,29,35,68,11.000000,-1,1
1,28,29,35,68,5.000000,-1,1
4,15,29,40,70,7.000000,-1,2
2,15,29,40,70,7.000000,-1,2
0,15,29,40,70,7.000000,-1,2
6,15,29,40,70,7.000000,-1,2
5,15,29,40,70,7.000000,-1,2
3,15,29,40,70,7.000000,-1,2
1,15,29,40,70,8.000000,-1,2
7,15,29,40,70,2.000000,-1,2
5,24,29,40,70,7.000000,-1,2
4,24,29,40,70,1.000000,-1,2
2,24,29,40,70,8.000000,-1,2
0,24,29,40,70,8.000000,-1,2
6,24,29,40,70,8.000000,-1,2
0,24,29,40,70,1.000000,-1,2
1,24,29,40,70,8.000000,-1,2
2,24,29,40,70,1.000000,-1,2
4,24,29,40,70,6.000000,-1,2
3,6,45,31,108,8.000000,-1,1
1,6,45,31,108,8.000000,-1,1
7,6,45,31,108,8.000000,-1,1
5,6,45,31,108,8.000000,-1,1
4,6,45,31,108,8.000000,-1,1
2,6,45,31,108,8.000000,-1,1
0,6,45,31,108,8.000000,-1,1
6,6,45,31,108,2.000000,-1,1
3,7,45,31,108,2.000000,-1,1
1,7,45,31,108,2.000000,-1,1
7,7,45,31,108,2.000000,-1,1
5,7,45,31,108,2.000000,-1,1
3,7,45,31,108,1.000000,-1,1
3,8,45,31,108,11.000000,-1,1
1,8,45,31,108,11.000000,-1,1
7,8,45,31,108,11.000000,-1,1
5,8,45,31,108,11.000000,-1,1
3,8,45,31,108,5.000000,-1,1
1,8,45,31,108,5.000000,-1,1
7,8,45,31,108,5.000000,-1,1
5,8,45,31,108,5.000000,-1,1
4,8,45,31,108,11.000000,-1,1
2,8,45,31,108,7.000000,-1,1
3,9,45,31,108,9.000000,-1,1
1,9,45,31,108,10.000000,-1,1
7,9,45,31,108,10.000000,-1,1
5,9,45,31,108,10.000000,-1,1
4,9,45,31,108,10.000000,-1,1
2,9,45,31,108,10.000000,-1,1
0,9,45,31,108,10.000000,-1,1
6,9,45,31,108,5.000000,-1,1
3,10,45,31,108,6.000000,-1,1
1,10,45,31,108,6.000000,-1,1
0,10,45,31,108,6.000000,-1,1
6,10,45,31,108,6.000000,-1,1
4,10,45,31,108,6.000000,-1,1
2,10,45,31,108,6.000000,-1,1
5,10,45,31,108,5.000000,-1,1
3,20,45,31,108,2.000000,-1,1
1,20,45,31,108,3.000000,-1,1
2,20,45,31,108,6.000000,-1,1
2,20,45,31,108,1.000000,-1,1
4,20,45,31,108,5.000000,-1,1
5,20,45,31,108,1.000000,-1,1
5,20,45,31,108,3.000000,-1,1
6,20,45,31,108,5.000000,-1,1
7,20,45,31,108,1.000000,-1,1
7,20,45,31,108,5.000000,-1,1
0,20,45,31,108,1.000000,-1,1
4,21,45,31,108,5.000000,-1,1
2,21,45,31,108,6.000000,-1,1
0,21,45,31,108,6.000000,-1,1
6,21,45,31,108,6.000000,-1,1
6,21,45,31,108,6.000000,-1,1
6,21,45,31,108,4.000000,-1,1
0,21,45,31,108,6.000000,-1,1
0,21,45,31,108,2.000000,-1,1
4,29,45,31,108,8.000000,-1,1
2,29,45,31,108,8.000000,-1,1
1,29,45,31,108,8.000000,-1,1
7,29,45,31,108,8.000000,-1,1
6,29,45,31,108,10.000000,-1,1
5,29,45,31,108,8.000000,-1,1
6,29,45,31,108,9.000000,-1,1
0,29,45,31,108,2.000000,-1,1
0,29,45,31,108,6.000000,-1,1
3,29,45,31,108,2.000000,-1,1
2,3,31,45,109,8.000000,-1,3
0,3,31,45,109,8.000000,-1,3
6,3,31,45,109,8.000000,-1,3
4,3,31,45,109,8.000000,-1,3
2,3,31,45,109,7.000000,-1,3
1,3,31,45,109,8.000000,-1,3
7,3,31,45,109,8.000000,-1,3
5,3,31,45,109,2.000000,-1,3
3,25,31,45,109,1.000000,-1,3
1,25,31,45,109,7.000000,-1,3
7,25,31,45,109,7.000000,-1,3
5,25,31,45,109,8.000000,-1,3
4,25,31,45,109,7.000000,-1,3
5,25,31,45,109,5.000000,-1,3
6,25,31,45,109,2.000000,-1,3
0,25,31,45,109,4.000000,-1,3
0,25,31,45,109,3.000000,-1,3
3,25,31,45,109,6.000000,-1,3
3,3,45,27,110,8.000000,-1,0
1,3,45,27,110,8.000000,-1,0
7,3,45,27,110,8.000000,-1,0
5,3,45,27,110,8.000000,-1,0
3,3,45,27,110,7.000000,-1,0
2,3,45,27,110,8.000000,-1,0
0,3,45,27,110,8.000000,-1,0
6,3,45,27,110,2.000000,-1,0
4,25,45,27,110,1.000000,-1,0
2,25,45,27,110,7.000000,-1,0
0,25,45,27,110,7.000000,-1,0
6,25,45,27,110,8.000000,-1,0
5,25,45,27,110,7.000000,-1,0
6,25,45,27,110,5.000000,-1,0
7,25,45,27,110,2.000000,-1,0
1,25,45,27,110,4.000000,-1,0
1,25,45,27,110,3.000000,-1,0
4,25,45,27,110,6.000000,-1,0
2,6,27,45,111,8.000000,-1,3
0,6,27,45,111,8.000000,-1,3
6,6,27,45,111,8.000000,-1,3
4,6,27,45,111,8.000000,-1,3
3,6,27,45,111,8.000000,-1,3
1,6,27,45,111,8.000000,-1,3
7,6,27,45,111,8.000000,-1,3
5,6,27,45,111,2.000000,-1,3
2,7,27,45,111,2.000000,-1,3
0,7,27,45,111,2.000000,-1,3
6,7,27,45,111,2.000000,-1,3
4,7,27,45,111,2.000000,-1,3
2,7,27,45,111,1.000000,-1,3
2,8,27,45,111,11.000000,-1,3
0,8,27,45,111,11.000000,-1,3
6,8,27,45,111,11.000000,-1,3
4,8,27,45,111,11.000000,-1,3
2,8,27,45,111,5.000000,-1,3
0,8,27,45,111,5.000000,-1,3
6,8,27,45,111,5.000000,-1,3
4,8,27,45,111,5.000000,-1,3
3,8,27,45,111,11.000000,-1,3
1,8,27,45,111,7.000000,-1,3
2,9,27,45,111,9.000000,-1,3
0,9,27,45,111,10.000000,-1,3
6,9,27,45,111,10.000000,-1,3
4,9,27,45,111,10.000000,-1,3
3,9,27,45,111,10.000000,-1,3
1,9,27,45,111,10.000000,-1,3
7,9,27,45,111,10.000000,-1,3
5,9,27,45,111,5.000000,-1,3
2,10,27,45,111,6.000000,-1,3
0,10,27,45,111,6.000000,-1,3
7,10,27,45,111,6.000000,-1,3
5,10,27,45,111,6.000000,-1,3
3,10,27,45,111,6.000000,-1,3
1,10,27,45,111,6.000000,-1,3
4,10,27,45,111,5.000000,-1,3
2,20,27,45,111,2.000000,-1,3
0,20,27,45,111,3.000000,-1,3
1,20,27,45,111,6.000000,-1,3
1,20,27,45,111,1.000000,-1,3
3,20,27,45,111,5.000000,-1,3
4,20,27,45,111,1.000000,-1,3
4,20,27,45,111,3.000000,-1,3
5,20,27,45,111,5.000000,-1,3
6,20,27,45,111,1.000000,-1,3
6,20,27,45,111,5.000000,-1,3
7,20,27,45,111,1.000000,-1,3
3,21,27,45,111,5.000000,-1,3
1,21,27,45,111,6.000000,-1,3
7,21,27,45,111,6.000000,-1,3
5,21,27,45,111,6.000000,-1,3
5,21,27,45,111,6.000000,-1,3
5,21,27,45,111,4.000000,-1,3
7,21,27,45,111,6.000000,-1,3
7,21,27,45,111,2.000000,-1,3
3,29,27,45,111,8.000000,-1,3
1,29,27,45,111,8.000000,-1,3
0,29,27,45,111,8.000000,-1,3
6,29,27,45,111,8.000000,-1,3
5,29,27,45,111,10.000000,-1,3
4,29,27,45,111,8.000000,-1,3
5,29,27,45,111,9.000000,-1,3
7,29,27,45,111,2.000000,-1,3
7,29,27,45,111,6.000000,-1,3
2,29,27,45,111,2.000000,-1,3
2,1,34,51,145,6.000000,-1,3
0,1,34,51,145,6.000000,-1,3
6,1,34,51,145,6.000000,-1,3
4,1,34,51,145,6.000000,-1,3
3,1,34,51,145,6.000000,-1,3
1,1,34,51,145,6.000000,-1,3
7,1,34,51,145,5.000000,-1,3
3,12,34,51,145,8.000000,-1,3
1,12,34,51,145,8.000000,-1,3
7,12,34,51,145,8.000000,-1,3
5,12,34,51,145,8.000000,-1,3
3,12,34,51,145,8.000000,-1,3
4,12,34,51,145,8.000000,-1,3
5,12,34,51,145,6.000000,-1,3
6,12,34,51,145,4.000000,-1,3
2,13,34,51,145,9.000000,-1,3
0,13,34,51,145,10.000000,-1,3
6,13,34,51,145,10.000000,-1,3
4,13,34,51,145,9.000000,-1,3
3,13,34,51,145,1.000000,-1,3
1,13,34,51,145,9.000000,-1,3
7,13,34,51,145,9.000000,-1,3
5,13,34,51,145,3.000000,-1,3
2,15,34,51,145,7.000000,-1,3
0,15,34,51,145,7.000000,-1,3
6,15,34,51,145,7.000000,-1,3
4,15,34,51,145,7.000000,-1,3
3,15,34,51,145,7.000000,-1,3
1,15,34,51,145,7.000000,-1,3
7,15,34,51,145,8.000000,-1,3
5,15,34,51,145,2.000000,-1,3
3,22,34,51,145,7.000000,-1,3
1,22,34,51,145,8.000000,-1,3
0,22,34,51,145,7.000000,-1,3
6,22,34,51,145,7.000000,-1,3
4,22,34,51,145,5.000000,-1,3
5,22,34,51,145,8.000000,-1,3
5,22,34,51,145,8.000000,-1,3
5,22,34,51,145,2.000000,-1,3
1,22,34,51,145,6.000000,-1,3
2,23,34,51,145,8.000000,-1,3
0,23,34,51,145,9.000000,-1,3
6,23,34,51,145,9.000000,-1,3
4,23,34,51,145,9.000000,-1,3
3,23,34,51,145,10.000000,-1,3
1,23,34,51,145,10.000000,-1,3
7,23,34,51,145,10.000000,-1,3
5,23,34,51,145,7.000000,-1,3
3,24,34,51,145,7.000000,-1,3
2,24,34,51,145,1.000000,-1,3
0,24,34,51,145,8.000000,-1,3
6,24,34,51,145,8.000000,-1,3
4,24,34,51,145,8.000000,-1,3
6,24,34,51,145,1.000000,-1,3
7,24,34,51,145,9.000000,-1,3
7,24,34,51,145,1.000000,-1,3
2,24,34,51,145,6.000000,-1,3
3,1,51,29,146,6.000000,-1,0
1,1,51,29,146,6.000000,-1,0
7,1,51,29,146,6.000000,-1,0
5,1,51,29,146,6.000000,-1,0
4,1,51,29,146,6.000000,-1,0
2,1,51,29,146,6.000000,-1,0
0,1,51,29,146,5.000000,-1,0
4,12,51,29,146,8.000000,-1,0
2,12,51,29,146,8.000000,-1,0
0,12,51,29,146,8.000000,-1,0
6,12,51,29,146,8.000000,-1,0
4,12,51,29,146,8.000000,-1,0
5,12,51,29,146,8.000000,-1,0
6,12,51,29,146,6.000000,-1,0
7,12,51,29,146,4.000000,-1,0
3,13,51,29,146,9.000000,-1,0
1,13,51,29,146,10.000000,-1,0
7,13,51,29,146,10.000000,-1,0
5,13,51,29,146,9.000000,-1,0
4,13,51,29,146,1.000000,-1,0
2,13,51,29,146,9.000000,-1,0
0,13,51,29,146,9.000000,-1,0
6,13,51,29,146,3.000000,-1,0
3,15,51,29,146,7.000000,-1,0
1,15,51,29,146,7.000000,-1,0
7,15,51,29,146,7.000000,-1,0
5,15,51,29,146,7.000000,-1,0
4,15,51,29,146,7.000000,-1,0
2,15,51,29,146,7.000000,-1,0
0,15,51,29,146,8.000000,-1,0
6,15,51,29,146,2.000000,-1,0
4,22,51,29,146,7.000000,-1,0
2,22,51,29,146,8.000000,-1,0
1,22,51,29,146,7.000000,-1,0
7,22,51,29,146,7.000000,-1,0
5,22,51,29,146,5.000000,-1,0
6,22,51,29,146,8.000000,-1,0
6,22,51,29,146,8.000000,-1,0
6,22,51,29,146,2.000000,-1,0
2,22,51,29,146,6.000000,-1,0
3,23,51,29,146,8.000000,-1,0
1,23,51,29,146,9.000000,-1,0
7,23,51,29,146,9.000000,-1,0
5,23,51,29,146,9.000000,-1,0
4,23,51,29,146,10.000000,-1,0
2,23,51,29,146,10.000000,-1,0
0,23,51,29,146,10.000000,-1,0
6,23,51,29,146,7.000000,-1,0
4,24,51,29,146,7.000000,-1,0
3,24,51,29,146,1.000000,-1,0
1,24,51,29,146,8.000000,-1,0
7,24,51,29,146,8.000000,-1,0
5,24,51,29,146,8.000000,-1,0
7,24,51,29,146,1.000000,-1,0
0,24,51,29,146,9.000000,-1,0
0,24,51,29,146,1.000000,-1,0
3,24,51,29,146,6.000000,-1,0
