# time slot,request num,vertex1,vertex2,edge num,flow in slot,in port,out port
2,0,24,26,0,10.000000,-1,2
0,0,24,26,0,10.000000,-1,2
6,0,24,26,0,10.000000,-1,2
4,0,24,26,0,10.000000,-1,2
2,0,24,26,0,5.000000,-1,2
0,0,24,26,0,5.000000,-1,2
6,0,24,26,0,5.000000,-1,2
4,0,24,26,0,5.000000,-1,2
3,0,24,26,0,2.000000,-1,2
3,1,24,26,0,6.000000,-1,2
1,1,24,26,0,6.000000,-1,2
7,1,24,26,0,6.000000,-1,2
5,1,24,26,0,6.000000,-1,2
3,1,24,26,0,6.000000,-1,2
5,1,24,26,0,6.000000,-1,2
7,1,24,26,0,5.000000,-1,2
2,2,24,26,0,6.000000,-1,2
0,2,24,26,0,6.000000,-1,2
6,2,24,26,0,6.000000,-1,2
4,2,24,26,0,6.000000,-1,2
2,2,24,26,0,6.000000,-1,2
0,2,24,26,0,6.000000,-1,2
6,2,24,26,0,5.000000,-1,2
2,11,24,26,0,6.000000,-1,2
0,11,24,26,0,6.000000,-1,2
6,11,24,26,0,6.000000,-1,2
4,11,24,26,0,6.000000,-1,2
3,11,24,26,0,6.000000,-1,2
1,11,24,26,0,6.000000,-1,2
7,11,24,26,0,5.000000,-1,2
2,23,24,26,0,1.000000,-1,2
0,23,24,26,0,1.000000,-1,2
6,23,24,26,0,2.000000,-1,2
4,23,24,26,0,7.000000,-1,2
3,23,24,26,0,10.000000,-1,2
5,23,24,26,0,10.000000,-1,2
5,23,24,26,0,1.000000,-1,2
7,23,24,26,0,10.000000,-1,2
7,23,24,26,0,1.000000,-1,2
1,23,24,26,0,7.000000,-1,2
3,8,26,24,1,11.000000,-1,0
1,8,26,24,1,11.000000,-1,0
7,8,26,24,1,11.000000,-1,0
5,8,26,24,1,11.000000,-1,0
3,8,26,24,1,5.000000,-1,0
1,8,26,24,1,5.000000,-1,0
7,8,26,24,1,5.000000,-1,0
5,8,26,24,1,5.000000,-1,0
4,8,26,24,1,11.000000,-1,0
2,8,26,24,1,7.000000,-1,0
3,17,26,24,1,11.000000,-1,0
1,17,26,24,1,11.000000,-1,0
7,17,26,24,1,11.000000,-1,0
5,17,26,24,1,11.000000,-1,0
3,17,26,24,1,8.000000,-1,0
2,17,26,24,1,11.000000,-1,0
0,17,26,24,1,11.000000,-1,0
6,17,26,24,1,8.000000,-1,0
3,18,26,24,1,11.000000,-1,0
1,18,26,24,1,11.000000,-1,0
7,18,26,24,1,11.000000,-1,0
5,18,26,24,1,11.000000,-1,0
4,18,26,24,1,6.000000,-1,0
2,18,26,24,1,11.000000,-1,0
0,18,26,24,1,11.000000,-1,0
6,18,26,24,1,9.000000,-1,0
4,21,26,24,1,4.000000,-1,0
2,21,26,24,1,6.000000,-1,0
0,21,26,24,1,6.000000,-1,0
6,21,26,24,1,6.000000,-1,0
6,21,26,24,1,6.000000,-1,0
6,21,26,24,1,4.000000,-1,0
0,21,26,24,1,6.000000,-1,0
0,21,26,24,1,2.000000,-1,0
4,27,26,24,1,11.000000,-1,0
2,27,26,24,1,9.000000,-1,0
0,27,26,24,1,9.000000,-1,0
6,27,26,24,1,11.000000,-1,0
4,27,26,24,1,7.000000,-1,0
5,27,26,24,1,8.000000,-1,0
6,27,26,24,1,2.000000,-1,0
7,27,26,24,1,8.000000,-1,0
1,27,26,24,1,7.000000,-1,0
2,10,25,26,4,6.000000,-1,2
0,10,25,26,4,6.000000,-1,2
6,10,25,26,4,6.000000,-1,2
4,10,25,26,4,6.000000,-1,2
3,10,25,26,4,6.000000,-1,2
1,10,25,26,4,6.000000,-1,2
7,10,25,26,4,5.000000,-1,2
2,13,25,26,4,9.000000,-1,2
0,13,25,26,4,10.000000,-1,2
6,13,25,26,4,10.000000,-1,2
4,13,25,26,4,10.000000,-1,2
3,13,25,26,4,10.000000,-1,2
1,13,25,26,4,10.000000,-1,2
7,13,25,26,4,10.000000,-1,2
5,13,25,26,4,5.000000,-1,2
2,20,25,26,4,4.000000,-1,2
1,20,25,26,4,5.000000,-1,2
7,20,25,26,4,6.000000,-1,2
5,20,25,26,4,6.000000,-1,2
3,20,25,26,4,5.000000,-1,2
2,20,25,26,4,1.000000,-1,2
4,20,25,26,4,1.000000,-1,2
4,20,25,26,4,4.000000,-1,2
5,20,25,26,4,1.000000,-1,2
6,20,25,26,4,5.000000,-1,2
3,27,25,26,4,11.000000,-1,2
1,27,25,26,4,9.000000,-1,2
7,27,25,26,4,9.000000,-1,2
5,27,25,26,4,11.000000,-1,2
3,27,25,26,4,7.000000,-1,2
4,27,25,26,4,9.000000,-1,2
5,27,25,26,4,9.000000,-1,2
6,27,25,26,4,9.000000,-1,2
0,27,25,26,4,7.000000,-1,2
4,29,25,26,4,9.000000,-1,2
5,29,25,26,4,1.000000,-1,2
5,29,25,26,4,6.000000,-1,2
6,29,25,26,4,2.000000,-1,2
7,29,25,26,4,9.000000,-1,2
0,29,25,26,4,8.000000,-1,2
0,29,25,26,4,8.000000,-1,2
1,29,25,26,4,9.000000,-1,2
2,29,25,26,4,4.000000,-1,2
2,29,25,26,4,4.000000,-1,2
4,1,26,25,5,6.000000,-1,1
2,1,26,25,5,6.000000,-1,1
0,1,26,25,5,6.000000,-1,1
6,1,26,25,5,6.000000,-1,1
4,1,26,25,5,6.000000,-1,1
6,1,26,25,5,6.000000,-1,1
0,1,26,25,5,5.000000,-1,1
4,12,26,25,5,8.000000,-1,1
2,12,26,25,5,8.000000,-1,1
0,12,26,25,5,8.000000,-1,1
6,12,26,25,5,8.000000,-1,1
4,12,26,25,5,8.000000,-1,1
5,12,26,25,5,8.000000,-1,1
6,12,26,25,5,6.000000,-1,1
7,12,26,25,5,4.000000,-1,1
3,19,26,25,5,9.000000,-1,1
1,19,26,25,5,9.000000,-1,1
7,19,26,25,5,9.000000,-1,1
5,19,26,25,5,9.000000,-1,1
4,19,26,25,5,3.000000,-1,1
2,19,26,25,5,10.000000,-1,1
0,19,26,25,5,10.000000,-1,1
6,19,26,25,5,4.000000,-1,1
3,23,26,25,5,1.000000,-1,1
1,23,26,25,5,1.000000,-1,1
7,23,26,25,5,2.000000,-1,1
5,23,26,25,5,7.000000,-1,1
5,23,26,25,5,7.000000,-1,1
6,23,26,25,5,1.000000,-1,1
7,23,26,25,5,1.000000,-1,1
0,23,26,25,5,2.000000,-1,1
1,23,26,25,5,1.000000,-1,1
2,23,26,25,5,7.000000,-1,1
3,12,28,26,8,8.000000,-1,2
1,12,28,26,8,8.000000,-1,2
7,12,28,26,8,8.000000,-1,2
5,12,28,26,8,8.000000,-1,2
3,12,28,26,8,8.000000,-1,2
4,12,28,26,8,8.000000,-1,2
5,12,28,26,8,6.000000,-1,2
6,12,28,26,8,4.000000,-1,2
2,15,28,26,8,8.000000,-1,2
0,15,28,26,8,8.000000,-1,2
6,15,28,26,8,8.000000,-1,2
4,15,28,26,8,8.000000,-1,2
3,15,28,26,8,8.000000,-1,2
1,15,28,26,8,8.000000,-1,2
7,15,28,26,8,8.000000,-1,2
5,15,28,26,8,2.000000,-1,2
2,17,28,26,8,11.000000,-1,2
0,17,28,26,8,11.000000,-1,2
6,17,28,26,8,11.000000,-1,2
4,17,28,26,8,11.000000,-1,2
2,17,28,26,8,8.000000,-1,2
1,17,28,26,8,11.000000,-1,2
7,17,28,26,8,11.000000,-1,2
5,17,28,26,8,8.000000,-1,2
2,18,28,26,8,11.000000,-1,2
0,18,28,26,8,11.000000,-1,2
6,18,28,26,8,11.000000,-1,2
4,18,28,26,8,11.000000,-1,2
2,18,28,26,8,6.000000,-1,2
1,18,28,26,8,11.000000,-1,2
7,18,28,26,8,11.000000,-1,2
5,18,28,26,8,9.000000,-1,2
3,22,28,26,8,8.000000,-1,2
1,22,28,26,8,6.000000,-1,2
7,22,28,26,8,6.000000,-1,2
5,22,28,26,8,8.000000,-1,2
3,22,28,26,8,8.000000,-1,2
3,22,28,26,8,1.000000,-1,2
4,22,28,26,8,6.000000,-1,2
5,22,28,26,8,1.000000,-1,2
6,22,28,26,8,6.000000,-1,2
0,22,28,26,8,3.000000,-1,2
3,24,28,26,8,9.000000,-1,2
4,24,28,26,8,2.000000,-1,2
4,24,28,26,8,1.000000,-1,2
4,24,28,26,8,3.000000,-1,2
5,24,28,26,8,5.000000,-1,2
6,24,28,26,8,2.000000,-1,2
6,24,28,26,8,8.000000,-1,2
7,24,28,26,8,6.000000,-1,2
0,24,28,26,8,8.000000,-1,2
1,24,28,26,8,4.000000,-1,2
3,0,26,28,9,10.000000,-1,2
1,0,26,28,9,10.000000,-1,2
7,0,26,28,9,10.000000,-1,2
5,0,26,28,9,10.000000,-1,2
3,0,26,28,9,5.000000,-1,2
1,0,26,28,9,5.000000,-1,2
7,0,26,28,9,5.000000,-1,2
5,0,26,28,9,5.000000,-1,2
4,0,26,28,9,2.000000,-1,2
3,2,26,28,9,6.000000,-1,2
1,2,26,28,9,6.000000,-1,2
7,2,26,28,9,6.000000,-1,2
5,2,26,28,9,6.000000,-1,2
3,2,26,28,9,6.000000,-1,2
1,2,26,28,9,6.000000,-1,2
7,2,26,28,9,5.000000,-1,2
3,10,26,28,9,6.000000,-1,2
1,10,26,28,9,6.000000,-1,2
7,10,26,28,9,6.000000,-1,2
5,10,26,28,9,6.000000,-1,2
4,10,26,28,9,6.000000,-1,2
2,10,26,28,9,6.000000,-1,2
0,10,26,28,9,5.000000,-1,2
3,11,26,28,9,6.000000,-1,2
1,11,26,28,9,6.000000,-1,2
7,11,26,28,9,6.000000,-1,2
5,11,26,28,9,6.000000,-1,2
4,11,26,28,9,6.000000,-1,2
2,11,26,28,9,6.000000,-1,2
0,11,26,28,9,5.000000,-1,2
4,20,26,28,9,4.000000,-1,2
2,20,26,28,9,5.000000,-1,2
0,20,26,28,9,6.000000,-1,2
6,20,26,28,9,6.000000,-1,2
4,20,26,28,9,5.000000,-1,2
4,20,26,28,9,1.000000,-1,2
5,20,26,28,9,1.000000,-1,2
5,20,26,28,9,4.000000,-1,2
6,20,26,28,9,1.000000,-1,2
7,20,26,28,9,1.000000,-1,2
5,29,26,28,9,1.000000,-1,2
6,29,26,28,9,1.000000,-1,2
6,29,26,28,9,6.000000,-1,2
0,29,26,28,9,2.000000,-1,2
0,29,26,28,9,9.000000,-1,2
2,29,26,28,9,8.000000,-1,2
2,29,26,28,9,8.000000,-1,2
2,29,26,28,9,6.000000,-1,2
4,29,26,28,9,4.000000,-1,2
4,29,26,28,9,4.000000,-1,2
2,8,29,26,12,11.000000,-1,2
0,8,29,26,12,11.000000,-1,2
6,8,29,26,12,11.000000,-1,2
4,8,29,26,12,11.000000,-1,2
2,8,29,26,12,5.000000,-1,2
0,8,29,26,12,5.000000,-1,2
6,8,29,26,12,5.000000,-1,2
4,8,29,26,12,5.000000,-1,2
3,8,29,26,12,11.000000,-1,2
1,8,29,26,12,7.000000,-1,2
2,19,29,26,12,9.000000,-1,2
0,19,29,26,12,9.000000,-1,2
6,19,29,26,12,9.000000,-1,2
4,19,29,26,12,9.000000,-1,2
3,19,29,26,12,10.000000,-1,2
1,19,29,26,12,10.000000,-1,2
7,19,29,26,12,10.000000,-1,2
5,19,29,26,12,4.000000,-1,2
3,21,29,26,12,4.000000,-1,2
1,21,29,26,12,6.000000,-1,2
7,21,29,26,12,6.000000,-1,2
5,21,29,26,12,6.000000,-1,2
5,21,29,26,12,6.000000,-1,2
5,21,29,26,12,4.000000,-1,2
7,21,29,26,12,6.000000,-1,2
7,21,29,26,12,2.000000,-1,2
3,13,26,29,13,9.000000,-1,3
1,13,26,29,13,10.000000,-1,3
7,13,26,29,13,10.000000,-1,3
5,13,26,29,13,10.000000,-1,3
4,13,26,29,13,10.000000,-1,3
2,13,26,29,13,10.000000,-1,3
0,13,26,29,13,10.000000,-1,3
6,13,26,29,13,5.000000,-1,3
3,15,26,29,13,8.000000,-1,3
1,15,26,29,13,8.000000,-1,3
7,15,26,29,13,8.000000,-1,3
5,15,26,29,13,8.000000,-1,3
4,15,26,29,13,8.000000,-1,3
2,15,26,29,13,8.000000,-1,3
0,15,26,29,13,8.000000,-1,3
6,15,26,29,13,2.000000,-1,3
4,22,26,29,13,8.000000,-1,3
2,22,26,29,13,6.000000,-1,3
0,22,26,29,13,6.000000,-1,3
6,22,26,29,13,8.000000,-1,3
4,22,26,29,13,6.000000,-1,3
5,22,26,29,13,1.000000,-1,3
5,22,26,29,13,6.000000,-1,3
6,22,26,29,13,1.000000,-1,3
7,22,26,29,13,6.000000,-1,3
1,22,26,29,13,3.000000,-1,3
5,24,26,29,13,7.000000,-1,3
6,24,26,29,13,2.000000,-1,3
6,24,26,29,13,1.000000,-1,3
6,24,26,29,13,3.000000,-1,3
6,24,26,29,13,5.000000,-1,3
7,24,26,29,13,2.000000,-1,3
7,24,26,29,13,6.000000,-1,3
0,24,26,29,13,6.000000,-1,3
1,24,26,29,13,8.000000,-1,3
2,24,26,29,13,4.000000,-1,3
2,16,30,32,16,2.000000,-1,2
0,16,30,32,16,2.000000,-1,2
6,16,30,32,16,2.000000,-1,2
4,16,30,32,16,2.000000,-1,2
3,16,30,32,16,1.000000,-1,2
3,4,32,30,17,10.000000,-1,0
1,4,32,30,17,10.000000,-1,0
7,4,32,30,17,10.000000,-1,0
5,4,32,30,17,10.000000,-1,0
3,4,32,30,17,7.000000,-1,0
2,4,32,30,17,10.000000,-1,0
0,4,32,30,17,10.000000,-1,0
6,4,32,30,17,4.000000,-1,0
4,6,32,30,17,8.000000,-1,0
2,6,32,30,17,7.000000,-1,0
0,6,32,30,17,7.000000,-1,0
6,6,32,30,17,8.000000,-1,0
4,6,32,30,17,8.000000,-1,0
5,6,32,30,17,7.000000,-1,0
7,6,32,30,17,7.000000,-1,0
1,6,32,30,17,2.000000,-1,0
3,25,30,33,18,8.000000,-1,3
1,25,30,33,18,8.000000,-1,3
7,25,30,33,18,8.000000,-1,3
5,25,30,33,18,8.000000,-1,3
4,25,30,33,18,1.000000,-1,3
4,25,30,33,18,6.000000,-1,3
6,25,30,33,18,1.000000,-1,3
6,25,30,33,18,2.000000,-1,3
6,25,30,33,18,1.000000,-1,3
0,25,30,33,18,1.000000,-1,3
2,4,31,32,20,10.000000,-1,2
0,4,31,32,20,10.000000,-1,2
6,4,31,32,20,10.000000,-1,2
4,4,31,32,20,10.000000,-1,2
2,4,31,32,20,9.000000,-1,2
1,4,31,32,20,10.000000,-1,2
7,4,31,32,20,10.000000,-1,2
5,4,31,32,20,4.000000,-1,2
2,7,31,32,20,1.000000,-1,2
0,7,31,32,20,2.000000,-1,2
6,7,31,32,20,2.000000,-1,2
4,7,31,32,20,2.000000,-1,2
3,7,31,32,20,1.000000,-1,2
3,9,31,32,20,10.000000,-1,2
1,9,31,32,20,9.000000,-1,2
7,9,31,32,20,9.000000,-1,2
5,9,31,32,20,10.000000,-1,2
3,9,31,32,20,8.000000,-1,2
3,9,31,32,20,1.000000,-1,2
4,9,31,32,20,8.000000,-1,2
5,9,31,32,20,5.000000,-1,2
3,7,32,34,25,1.000000,-1,2
1,7,32,34,25,2.000000,-1,2
7,7,32,34,25,2.000000,-1,2
5,7,32,34,25,2.000000,-1,2
4,7,32,34,25,1.000000,-1,2
4,9,32,34,25,10.000000,-1,2
2,9,32,34,25,9.000000,-1,2
0,9,32,34,25,9.000000,-1,2
6,9,32,34,25,10.000000,-1,2
4,9,32,34,25,1.000000,-1,2
5,9,32,34,25,1.000000,-1,2
5,9,32,34,25,8.000000,-1,2
6,9,32,34,25,2.000000,-1,2
3,16,32,34,25,2.000000,-1,2
1,16,32,34,25,2.000000,-1,2
7,16,32,34,25,2.000000,-1,2
5,16,32,34,25,1.000000,-1,2
7,16,32,34,25,1.000000,-1,2
2,3,34,33,26,8.000000,-1,3
0,3,34,33,26,8.000000,-1,3
6,3,34,33,26,8.000000,-1,3
4,3,34,33,26,8.000000,-1,3
3,3,34,33,26,8.000000,-1,3
1,3,34,33,26,8.000000,-1,3
7,3,34,33,26,8.000000,-1,3
5,3,34,33,26,2.000000,-1,3
2,6,35,32,28,8.000000,-1,2
1,6,35,32,28,8.000000,-1,2
7,6,35,32,28,8.000000,-1,2
5,6,35,32,28,8.000000,-1,2
3,6,35,32,28,8.000000,-1,2
4,6,35,32,28,8.000000,-1,2
6,6,35,32,28,8.000000,-1,2
0,6,35,32,28,2.000000,-1,2
3,3,33,35,31,8.000000,-1,3
1,3,33,35,31,8.000000,-1,3
7,3,33,35,31,8.000000,-1,3
5,3,33,35,31,8.000000,-1,3
4,3,33,35,31,8.000000,-1,3
2,3,33,35,31,8.000000,-1,3
0,3,33,35,31,8.000000,-1,3
6,3,33,35,31,2.000000,-1,3
4,25,33,35,31,7.000000,-1,3
2,25,33,35,31,7.000000,-1,3
0,25,33,35,31,7.000000,-1,3
6,25,33,35,31,8.000000,-1,3
5,25,33,35,31,1.000000,-1,3
5,25,33,35,31,6.000000,-1,3
7,25,33,35,31,1.000000,-1,3
7,25,33,35,31,2.000000,-1,3
7,25,33,35,31,1.000000,-1,3
1,25,33,35,31,1.000000,-1,3
1,0,20,24,32,10.000000,-1,2
7,0,20,24,32,10.000000,-1,2
5,0,20,24,32,10.000000,-1,2
3,0,20,24,32,10.000000,-1,2
1,0,20,24,32,5.000000,-1,2
7,0,20,24,32,5.000000,-1,2
5,0,20,24,32,5.000000,-1,2
3,0,20,24,32,5.000000,-1,2
2,0,20,24,32,2.000000,-1,2
2,1,20,24,32,6.000000,-1,2
0,1,20,24,32,6.000000,-1,2
6,1,20,24,32,6.000000,-1,2
4,1,20,24,32,6.000000,-1,2
2,1,20,24,32,6.000000,-1,2
4,1,20,24,32,6.000000,-1,2
6,1,20,24,32,5.000000,-1,2
4,8,24,20,33,11.000000,-1,0
2,8,24,20,33,11.000000,-1,0
0,8,24,20,33,11.000000,-1,0
6,8,24,20,33,11.000000,-1,0
4,8,24,20,33,5.000000,-1,0
2,8,24,20,33,5.000000,-1,0
0,8,24,20,33,5.000000,-1,0
6,8,24,20,33,5.000000,-1,0
5,8,24,20,33,11.000000,-1,0
3,8,24,20,33,7.000000,-1,0
4,17,24,20,33,11.000000,-1,0
2,17,24,20,33,11.000000,-1,0
0,17,24,20,33,11.000000,-1,0
6,17,24,20,33,11.000000,-1,0
4,17,24,20,33,8.000000,-1,0
3,17,24,20,33,11.000000,-1,0
1,17,24,20,33,11.000000,-1,0
7,17,24,20,33,8.000000,-1,0
4,18,24,20,33,11.000000,-1,0
2,18,24,20,33,11.000000,-1,0
0,18,24,20,33,11.000000,-1,0
6,18,24,20,33,11.000000,-1,0
5,18,24,20,33,6.000000,-1,0
3,18,24,20,33,11.000000,-1,0
1,18,24,20,33,11.000000,-1,0
7,18,24,20,33,9.000000,-1,0
5,21,24,20,33,4.000000,-1,0
3,21,24,20,33,6.000000,-1,0
1,21,24,20,33,6.000000,-1,0
7,21,24,20,33,6.000000,-1,0
7,21,24,20,33,6.000000,-1,0
7,21,24,20,33,4.000000,-1,0
1,21,24,20,33,6.000000,-1,0
1,21,24,20,33,2.000000,-1,0
5,27,24,20,33,11.000000,-1,0
3,27,24,20,33,9.000000,-1,0
1,27,24,20,33,9.000000,-1,0
7,27,24,20,33,11.000000,-1,0
5,27,24,20,33,7.000000,-1,0
6,27,24,20,33,8.000000,-1,0
7,27,24,20,33,2.000000,-1,0
0,27,24,20,33,8.000000,-1,0
2,27,24,20,33,7.000000,-1,0
2,14,20,30,34,9.000000,-1,3
6,14,20,30,34,9.000000,-1,3
3,14,20,30,34,7.000000,-1,3
0,14,20,30,34,9.000000,-1,3
4,14,20,30,34,9.000000,-1,3
5,14,20,30,34,9.000000,-1,3
7,14,20,30,34,9.000000,-1,3
1,14,20,30,34,5.000000,-1,3
1,2,21,24,36,6.000000,-1,2
7,2,21,24,36,6.000000,-1,2
5,2,21,24,36,6.000000,-1,2
3,2,21,24,36,6.000000,-1,2
1,2,21,24,36,6.000000,-1,2
7,2,21,24,36,6.000000,-1,2
5,2,21,24,36,5.000000,-1,2
1,11,21,24,36,6.000000,-1,2
7,11,21,24,36,6.000000,-1,2
5,11,21,24,36,6.000000,-1,2
3,11,21,24,36,6.000000,-1,2
2,11,21,24,36,6.000000,-1,2
0,11,21,24,36,6.000000,-1,2
6,11,21,24,36,5.000000,-1,2
1,23,21,24,36,2.000000,-1,2
7,23,21,24,36,2.000000,-1,2
5,23,21,24,36,3.000000,-1,2
3,23,21,24,36,8.000000,-1,2
2,23,21,24,36,10.000000,-1,2
4,23,21,24,36,10.000000,-1,2
4,23,21,24,36,1.000000,-1,2
6,23,21,24,36,10.000000,-1,2
6,23,21,24,36,1.000000,-1,2
0,23,21,24,36,7.000000,-1,2
1,16,21,30,38,2.000000,-1,3
7,16,21,30,38,2.000000,-1,3
5,16,21,30,38,2.000000,-1,3
3,16,21,30,38,2.000000,-1,3
1,16,21,30,38,1.000000,-1,3
2,25,21,30,38,8.000000,-1,3
0,25,21,30,38,8.000000,-1,3
6,25,21,30,38,8.000000,-1,3
4,25,21,30,38,8.000000,-1,3
2,25,21,30,38,1.000000,-1,3
3,25,21,30,38,6.000000,-1,3
4,25,21,30,38,1.000000,-1,3
5,25,21,30,38,2.000000,-1,3
5,25,21,30,38,1.000000,-1,3
6,25,21,30,38,1.000000,-1,3
4,4,30,21,39,10.000000,-1,1
2,4,30,21,39,10.000000,-1,1
0,4,30,21,39,10.000000,-1,1
6,4,30,21,39,10.000000,-1,1
4,4,30,21,39,7.000000,-1,1
3,4,30,21,39,10.000000,-1,1
1,4,30,21,39,10.000000,-1,1
7,4,30,21,39,4.000000,-1,1
5,6,30,21,39,8.000000,-1,1
3,6,30,21,39,7.000000,-1,1
1,6,30,21,39,7.000000,-1,1
7,6,30,21,39,8.000000,-1,1
5,6,30,21,39,8.000000,-1,1
6,6,30,21,39,7.000000,-1,1
0,6,30,21,39,7.000000,-1,1
2,6,30,21,39,2.000000,-1,1
3,14,30,21,39,8.000000,-1,1
7,14,30,21,39,9.000000,-1,1
4,14,30,21,39,7.000000,-1,1
1,14,30,21,39,8.000000,-1,1
5,14,30,21,39,9.000000,-1,1
6,14,30,21,39,8.000000,-1,1
0,14,30,21,39,8.000000,-1,1
2,14,30,21,39,5.000000,-1,1
1,5,22,25,40,9.000000,-1,2
5,5,22,25,40,9.000000,-1,2
1,5,22,25,40,9.000000,-1,2
5,5,22,25,40,9.000000,-1,2
1,5,22,25,40,9.000000,-1,2
6,5,22,25,40,9.000000,-1,2
2,5,22,25,40,9.000000,-1,2
7,5,22,25,40,3.000000,-1,2
1,13,22,25,40,9.000000,-1,2
7,13,22,25,40,10.000000,-1,2
5,13,22,25,40,10.000000,-1,2
3,13,22,25,40,10.000000,-1,2
2,13,22,25,40,10.000000,-1,2
0,13,22,25,40,10.000000,-1,2
6,13,22,25,40,10.000000,-1,2
4,13,22,25,40,5.000000,-1,2
2,27,22,25,40,11.000000,-1,2
0,27,22,25,40,9.000000,-1,2
6,27,22,25,40,9.000000,-1,2
4,27,22,25,40,11.000000,-1,2
2,27,22,25,40,7.000000,-1,2
3,27,22,25,40,9.000000,-1,2
4,27,22,25,40,9.000000,-1,2
5,27,22,25,40,9.000000,-1,2
7,27,22,25,40,7.000000,-1,2
3,29,22,25,40,10.000000,-1,2
3,29,22,25,40,1.000000,-1,2
4,29,22,25,40,10.000000,-1,2
4,29,22,25,40,2.000000,-1,2
6,29,22,25,40,9.000000,-1,2
7,29,22,25,40,8.000000,-1,2
7,29,22,25,40,9.000000,-1,2
0,29,22,25,40,10.000000,-1,2
0,29,22,25,40,4.000000,-1,2
0,29,22,25,40,4.000000,-1,2
4,19,25,22,41,9.000000,-1,0
2,19,25,22,41,9.000000,-1,0
0,19,25,22,41,9.000000,-1,0
6,19,25,22,41,9.000000,-1,0
5,19,25,22,41,3.000000,-1,0
3,19,25,22,41,10.000000,-1,0
1,19,25,22,41,10.000000,-1,0
7,19,25,22,41,4.000000,-1,0
1,4,22,31,42,10.000000,-1,3
7,4,22,31,42,10.000000,-1,3
5,4,22,31,42,10.000000,-1,3
3,4,22,31,42,10.000000,-1,3
1,4,22,31,42,9.000000,-1,3
0,4,22,31,42,10.000000,-1,3
6,4,22,31,42,10.000000,-1,3
4,4,22,31,42,4.000000,-1,3
2,9,22,31,42,10.000000,-1,3
0,9,22,31,42,9.000000,-1,3
6,9,22,31,42,9.000000,-1,3
4,9,22,31,42,10.000000,-1,3
2,9,22,31,42,8.000000,-1,3
2,9,22,31,42,1.000000,-1,3
3,9,22,31,42,9.000000,-1,3
4,9,22,31,42,5.000000,-1,3
1,10,23,25,44,6.000000,-1,2
7,10,23,25,44,6.000000,-1,2
5,10,23,25,44,6.000000,-1,2
3,10,23,25,44,6.000000,-1,2
2,10,23,25,44,6.000000,-1,2
0,10,23,25,44,6.000000,-1,2
6,10,23,25,44,5.000000,-1,2
1,20,23,25,44,4.000000,-1,2
0,20,23,25,44,5.000000,-1,2
6,20,23,25,44,6.000000,-1,2
4,20,23,25,44,6.000000,-1,2
2,20,23,25,44,5.000000,-1,2
1,20,23,25,44,1.000000,-1,2
3,20,23,25,44,1.000000,-1,2
3,20,23,25,44,4.000000,-1,2
4,20,23,25,44,1.000000,-1,2
5,20,23,25,44,5.000000,-1,2
5,1,25,23,45,6.000000,-1,1
3,1,25,23,45,6.000000,-1,1
1,1,25,23,45,6.000000,-1,1
7,1,25,23,45,6.000000,-1,1
5,1,25,23,45,6.000000,-1,1
7,1,25,23,45,6.000000,-1,1
1,1,25,23,45,5.000000,-1,1
2,5,25,23,45,9.000000,-1,1
6,5,25,23,45,9.000000,-1,1
2,5,25,23,45,9.000000,-1,1
6,5,25,23,45,9.000000,-1,1
2,5,25,23,45,9.000000,-1,1
7,5,25,23,45,9.000000,-1,1
3,5,25,23,45,9.000000,-1,1
0,5,25,23,45,3.000000,-1,1
5,12,25,23,45,8.000000,-1,1
3,12,25,23,45,8.000000,-1,1
1,12,25,23,45,8.000000,-1,1
7,12,25,23,45,8.000000,-1,1
5,12,25,23,45,8.000000,-1,1
6,12,25,23,45,8.000000,-1,1
7,12,25,23,45,1.000000,-1,1
0,12,25,23,45,4.000000,-1,1
4,23,25,23,45,1.000000,-1,1
2,23,25,23,45,1.000000,-1,1
0,23,25,23,45,2.000000,-1,1
6,23,25,23,45,4.000000,-1,1
0,23,25,23,45,7.000000,-1,1
0,23,25,23,45,1.000000,-1,1
0,23,25,23,45,1.000000,-1,1
1,23,25,23,45,2.000000,-1,1
2,23,25,23,45,1.000000,-1,1
3,23,25,23,45,7.000000,-1,1
1,7,23,31,46,2.000000,-1,3
7,7,23,31,46,2.000000,-1,3
5,7,23,31,46,2.000000,-1,3
3,7,23,31,46,2.000000,-1,3
2,7,23,31,46,1.000000,-1,3
1,15,16,28,48,8.000000,-1,2
7,15,16,28,48,8.000000,-1,2
5,15,16,28,48,8.000000,-1,2
3,15,16,28,48,8.000000,-1,2
2,15,16,28,48,8.000000,-1,2
0,15,16,28,48,8.000000,-1,2
6,15,16,28,48,8.000000,-1,2
4,15,16,28,48,2.000000,-1,2
1,18,16,28,48,11.000000,-1,2
7,18,16,28,48,11.000000,-1,2
5,18,16,28,48,11.000000,-1,2
3,18,16,28,48,11.000000,-1,2
1,18,16,28,48,6.000000,-1,2
0,18,16,28,48,11.000000,-1,2
6,18,16,28,48,11.000000,-1,2
4,18,16,28,48,9.000000,-1,2
2,22,16,28,48,8.000000,-1,2
0,22,16,28,48,6.000000,-1,2
6,22,16,28,48,6.000000,-1,2
4,22,16,28,48,8.000000,-1,2
2,22,16,28,48,8.000000,-1,2
2,22,16,28,48,1.000000,-1,2
3,22,16,28,48,6.000000,-1,2
4,22,16,28,48,1.000000,-1,2
5,22,16,28,48,6.000000,-1,2
7,22,16,28,48,3.000000,-1,2
4,0,28,16,49,10.000000,-1,0
2,0,28,16,49,10.000000,-1,0
0,0,28,16,49,10.000000,-1,0
6,0,28,16,49,10.000000,-1,0
4,0,28,16,49,5.000000,-1,0
2,0,28,16,49,5.000000,-1,0
0,0,28,16,49,5.000000,-1,0
6,0,28,16,49,5.000000,-1,0
5,0,28,16,49,2.000000,-1,0
4,2,28,16,49,6.000000,-1,0
2,2,28,16,49,6.000000,-1,0
0,2,28,16,49,6.000000,-1,0
6,2,28,16,49,6.000000,-1,0
4,2,28,16,49,6.000000,-1,0
2,2,28,16,49,6.000000,-1,0
0,2,28,16,49,5.000000,-1,0
4,10,28,16,49,6.000000,-1,0
2,10,28,16,49,6.000000,-1,0
0,10,28,16,49,6.000000,-1,0
6,10,28,16,49,6.000000,-1,0
5,10,28,16,49,6.000000,-1,0
3,10,28,16,49,6.000000,-1,0
1,10,28,16,49,5.000000,-1,0
4,11,28,16,49,6.000000,-1,0
2,11,28,16,49,6.000000,-1,0
0,11,28,16,49,6.000000,-1,0
6,11,28,16,49,6.000000,-1,0
5,11,28,16,49,6.000000,-1,0
3,11,28,16,49,6.000000,-1,0
1,11,28,16,49,5.000000,-1,0
5,20,28,16,49,4.000000,-1,0
3,20,28,16,49,5.000000,-1,0
1,20,28,16,49,6.000000,-1,0
7,20,28,16,49,6.000000,-1,0
5,20,28,16,49,5.000000,-1,0
5,20,28,16,49,1.000000,-1,0
6,20,28,16,49,1.000000,-1,0
6,20,28,16,49,4.000000,-1,0
7,20,28,16,49,1.000000,-1,0
0,20,28,16,49,1.000000,-1,0
6,26,28,16,49,2.000000,-1,0
0,26,28,16,49,1.000000,-1,0
1,26,28,16,49,2.000000,-1,0
1,26,28,16,49,2.000000,-1,0
1,26,28,16,49,1.000000,-1,0
7,29,28,16,49,1.000000,-1,0
7,29,28,16,49,1.000000,-1,0
7,29,28,16,49,6.000000,-1,0
1,29,28,16,49,2.000000,-1,0
1,29,28,16,49,9.000000,-1,0
3,29,28,16,49,8.000000,-1,0
3,29,28,16,49,8.000000,-1,0
3,29,28,16,49,6.000000,-1,0
5,29,28,16,49,4.000000,-1,0
5,29,28,16,49,4.000000,-1,0
2,12,17,28,52,8.000000,-1,2
0,12,17,28,52,8.000000,-1,2
6,12,17,28,52,8.000000,-1,2
4,12,17,28,52,8.000000,-1,2
2,12,17,28,52,8.000000,-1,2
3,12,17,28,52,8.000000,-1,2
4,12,17,28,52,6.000000,-1,2
5,12,17,28,52,4.000000,-1,2
1,17,17,28,52,11.000000,-1,2
7,17,17,28,52,11.000000,-1,2
5,17,17,28,52,11.000000,-1,2
3,17,17,28,52,11.000000,-1,2
1,17,17,28,52,8.000000,-1,2
0,17,17,28,52,11.000000,-1,2
6,17,17,28,52,11.000000,-1,2
4,17,17,28,52,8.000000,-1,2
2,24,17,28,52,9.000000,-1,2
2,24,17,28,52,2.000000,-1,2
3,24,17,28,52,1.000000,-1,2
3,24,17,28,52,7.000000,-1,2
4,24,17,28,52,5.000000,-1,2
5,24,17,28,52,2.000000,-1,2
5,24,17,28,52,8.000000,-1,2
6,24,17,28,52,8.000000,-1,2
7,24,17,28,52,8.000000,-1,2
0,24,17,28,52,4.000000,-1,2
5,26,17,28,52,2.000000,-1,2
7,26,17,28,52,2.000000,-1,2
7,26,17,28,52,2.000000,-1,2
7,26,17,28,52,2.000000,-1,2
7,26,17,28,52,1.000000,-1,2
1,3,17,34,54,8.000000,-1,3
7,3,17,34,54,8.000000,-1,3
5,3,17,34,54,8.000000,-1,3
3,3,17,34,54,8.000000,-1,3
2,3,17,34,54,8.000000,-1,3
0,3,17,34,54,8.000000,-1,3
6,3,17,34,54,8.000000,-1,3
4,3,17,34,54,2.000000,-1,3
4,7,34,17,55,1.000000,-1,1
2,7,34,17,55,2.000000,-1,1
0,7,34,17,55,2.000000,-1,1
6,7,34,17,55,2.000000,-1,1
5,7,34,17,55,1.000000,-1,1
5,9,34,17,55,10.000000,-1,1
3,9,34,17,55,9.000000,-1,1
1,9,34,17,55,9.000000,-1,1
7,9,34,17,55,10.000000,-1,1
5,9,34,17,55,1.000000,-1,1
6,9,34,17,55,1.000000,-1,1
6,9,34,17,55,8.000000,-1,1
7,9,34,17,55,2.000000,-1,1
4,16,34,17,55,2.000000,-1,1
2,16,34,17,55,2.000000,-1,1
0,16,34,17,55,2.000000,-1,1
6,16,34,17,55,1.000000,-1,1
0,16,34,17,55,1.000000,-1,1
1,28,18,29,56,11.000000,-1,2
5,28,18,29,56,11.000000,-1,2
2,28,18,29,56,11.000000,-1,2
6,28,18,29,56,11.000000,-1,2
3,28,18,29,56,11.000000,-1,2
7,28,18,29,56,11.000000,-1,2
4,28,18,29,56,11.000000,-1,2
0,28,18,29,56,5.000000,-1,2
1,6,18,35,58,8.000000,-1,3
0,6,18,35,58,8.000000,-1,3
6,6,18,35,58,8.000000,-1,3
4,6,18,35,58,8.000000,-1,3
2,6,18,35,58,8.000000,-1,3
3,6,18,35,58,8.000000,-1,3
5,6,18,35,58,8.000000,-1,3
7,6,18,35,58,2.000000,-1,3
4,3,35,18,59,8.000000,-1,0
2,3,35,18,59,8.000000,-1,0
0,3,35,18,59,8.000000,-1,0
6,3,35,18,59,8.000000,-1,0
5,3,35,18,59,8.000000,-1,0
3,3,35,18,59,8.000000,-1,0
1,3,35,18,59,8.000000,-1,0
7,3,35,18,59,2.000000,-1,0
5,25,35,18,59,7.000000,-1,0
3,25,35,18,59,7.000000,-1,0
1,25,35,18,59,7.000000,-1,0
7,25,35,18,59,8.000000,-1,0
6,25,35,18,59,1.000000,-1,0
6,25,35,18,59,6.000000,-1,0
0,25,35,18,59,1.000000,-1,0
0,25,35,18,59,2.000000,-1,0
0,25,35,18,59,1.000000,-1,0
2,25,35,18,59,1.000000,-1,0
1,8,19,29,60,11.000000,-1,2
7,8,19,29,60,11.000000,-1,2
5,8,19,29,60,11.000000,-1,2
3,8,19,29,60,11.000000,-1,2
1,8,19,29,60,5.000000,-1,2
7,8,19,29,60,5.000000,-1,2
5,8,19,29,60,5.000000,-1,2
3,8,19,29,60,5.000000,-1,2
2,8,19,29,60,11.000000,-1,2
0,8,19,29,60,7.000000,-1,2
1,19,19,29,60,9.000000,-1,2
7,19,19,29,60,9.000000,-1,2
5,19,19,29,60,9.000000,-1,2
3,19,19,29,60,9.000000,-1,2
2,19,19,29,60,10.000000,-1,2
0,19,19,29,60,10.000000,-1,2
6,19,19,29,60,10.000000,-1,2
4,19,19,29,60,4.000000,-1,2
2,21,19,29,60,4.000000,-1,2
0,21,19,29,60,6.000000,-1,2
6,21,19,29,60,6.000000,-1,2
4,21,19,29,60,6.000000,-1,2
4,21,19,29,60,6.000000,-1,2
4,21,19,29,60,4.000000,-1,2
6,21,19,29,60,6.000000,-1,2
6,21,19,29,60,2.000000,-1,2
4,13,29,19,61,9.000000,-1,1
2,13,29,19,61,10.000000,-1,1
0,13,29,19,61,10.000000,-1,1
6,13,29,19,61,10.000000,-1,1
5,13,29,19,61,10.000000,-1,1
3,13,29,19,61,10.000000,-1,1
1,13,29,19,61,10.000000,-1,1
7,13,29,19,61,5.000000,-1,1
4,15,29,19,61,8.000000,-1,1
2,15,29,19,61,8.000000,-1,1
0,15,29,19,61,8.000000,-1,1
6,15,29,19,61,8.000000,-1,1
5,15,29,19,61,8.000000,-1,1
3,15,29,19,61,8.000000,-1,1
1,15,29,19,61,8.000000,-1,1
7,15,29,19,61,2.000000,-1,1
5,22,29,19,61,8.000000,-1,1
3,22,29,19,61,6.000000,-1,1
1,22,29,19,61,6.000000,-1,1
7,22,29,19,61,8.000000,-1,1
5,22,29,19,61,6.000000,-1,1
6,22,29,19,61,1.000000,-1,1
6,22,29,19,61,6.000000,-1,1
7,22,29,19,61,1.000000,-1,1
0,22,29,19,61,6.000000,-1,1
2,22,29,19,61,3.000000,-1,1
6,24,29,19,61,7.000000,-1,1
7,24,29,19,61,2.000000,-1,1
7,24,29,19,61,1.000000,-1,1
7,24,29,19,61,3.000000,-1,1
7,24,29,19,61,5.000000,-1,1
0,24,29,19,61,2.000000,-1,1
0,24,29,19,61,6.000000,-1,1
1,24,29,19,61,6.000000,-1,1
2,24,29,19,61,8.000000,-1,1
3,24,29,19,61,4.000000,-1,1
2,28,29,19,61,11.000000,-1,1
6,28,29,19,61,10.000000,-1,1
3,28,29,19,61,11.000000,-1,1
7,28,29,19,61,11.000000,-1,1
4,28,29,19,61,11.000000,-1,1
0,28,29,19,61,10.000000,-1,1
5,28,29,19,61,10.000000,-1,1
1,28,29,19,61,5.000000,-1,1
0,0,0,20,64,10.000000,-1,0
6,0,0,20,64,10.000000,-1,0
4,0,0,20,64,10.000000,-1,0
2,0,0,20,64,10.000000,-1,0
0,0,0,20,64,8.000000,-1,0
6,0,0,20,64,8.000000,-1,0
4,0,0,20,64,8.000000,-1,0
2,0,0,20,64,8.000000,-1,0
1,0,0,20,64,2.000000,-1,0
1,14,0,20,64,9.000000,-1,0
5,14,0,20,64,9.000000,-1,0
1,14,0,20,64,7.000000,-1,0
7,14,0,20,64,9.000000,-1,0
3,14,0,20,64,9.000000,-1,0
3,14,0,20,64,9.000000,-1,0
5,14,0,20,64,9.000000,-1,0
7,14,0,20,64,5.000000,-1,0
5,17,20,0,65,11.000000,-1,0
3,17,20,0,65,11.000000,-1,0
1,17,20,0,65,11.000000,-1,0
7,17,20,0,65,11.000000,-1,0
6,17,20,0,65,8.000000,-1,0
4,17,20,0,65,11.000000,-1,0
2,17,20,0,65,11.000000,-1,0
0,17,20,0,65,8.000000,-1,0
0,15,1,16,66,8.000000,-1,0
6,15,1,16,66,8.000000,-1,0
4,15,1,16,66,8.000000,-1,0
2,15,1,16,66,8.000000,-1,0
1,15,1,16,66,8.000000,-1,0
7,15,1,16,66,8.000000,-1,0
5,15,1,16,66,8.000000,-1,0
3,15,1,16,66,2.000000,-1,0
5,2,16,1,67,6.000000,-1,0
3,2,16,1,67,6.000000,-1,0
1,2,16,1,67,6.000000,-1,0
7,2,16,1,67,6.000000,-1,0
5,2,16,1,67,6.000000,-1,0
3,2,16,1,67,6.000000,-1,0
1,2,16,1,67,5.000000,-1,0
5,10,16,1,67,5.000000,-1,0
3,10,16,1,67,5.000000,-1,0
1,10,16,1,67,6.000000,-1,0
7,10,16,1,67,6.000000,-1,0
6,10,16,1,67,6.000000,-1,0
4,10,16,1,67,6.000000,-1,0
2,10,16,1,67,5.000000,-1,0
6,20,16,1,67,4.000000,-1,0
4,20,16,1,67,5.000000,-1,0
2,20,16,1,67,6.000000,-1,0
0,20,16,1,67,6.000000,-1,0
6,20,16,1,67,5.000000,-1,0
6,20,16,1,67,1.000000,-1,0
7,20,16,1,67,1.000000,-1,0
7,20,16,1,67,4.000000,-1,0
0,20,16,1,67,1.000000,-1,0
2,20,16,1,67,1.000000,-1,0
0,26,16,1,67,2.000000,-1,0
2,26,16,1,67,1.000000,-1,0
2,26,16,1,67,2.000000,-1,0
2,26,16,1,67,2.000000,-1,0
4,26,16,1,67,1.000000,-1,0
0,1,2,20,68,6.000000,-1,0
7,1,2,20,68,6.000000,-1,0
5,1,2,20,68,6.000000,-1,0
3,1,2,20,68,6.000000,-1,0
1,1,2,20,68,6.000000,-1,0
2,1,2,20,68,6.000000,-1,0
4,1,2,20,68,5.000000,-1,0
5,8,20,2,69,11.000000,-1,1
3,8,20,2,69,11.000000,-1,1
1,8,20,2,69,11.000000,-1,1
7,8,20,2,69,11.000000,-1,1
5,8,20,2,69,5.000000,-1,1
3,8,20,2,69,5.000000,-1,1
1,8,20,2,69,5.000000,-1,1
7,8,20,2,69,5.000000,-1,1
6,8,20,2,69,11.000000,-1,1
4,8,20,2,69,7.000000,-1,1
5,18,20,2,69,11.000000,-1,1
3,18,20,2,69,11.000000,-1,1
1,18,20,2,69,11.000000,-1,1
7,18,20,2,69,11.000000,-1,1
6,18,20,2,69,6.000000,-1,1
4,18,20,2,69,11.000000,-1,1
2,18,20,2,69,11.000000,-1,1
0,18,20,2,69,9.000000,-1,1
6,21,20,2,69,4.000000,-1,1
4,21,20,2,69,6.000000,-1,1
2,21,20,2,69,6.000000,-1,1
0,21,20,2,69,6.000000,-1,1
0,21,20,2,69,6.000000,-1,1
0,21,20,2,69,4.000000,-1,1
2,21,20,2,69,6.000000,-1,1
2,21,20,2,69,2.000000,-1,1
6,27,20,2,69,11.000000,-1,1
4,27,20,2,69,9.000000,-1,1
2,27,20,2,69,9.000000,-1,1
0,27,20,2,69,11.000000,-1,1
6,27,20,2,69,4.000000,-1,1
7,27,20,2,69,8.000000,-1,1
1,27,20,2,69,2.000000,-1,1
1,27,20,2,69,7.000000,-1,1
3,27,20,2,69,7.000000,-1,1
0,18,3,16,70,11.000000,-1,0
6,18,3,16,70,11.000000,-1,0
4,18,3,16,70,11.000000,-1,0
2,18,3,16,70,11.000000,-1,0
0,18,3,16,70,7.000000,-1,0
7,18,3,16,70,11.000000,-1,0
5,18,3,16,70,11.000000,-1,0
3,18,3,16,70,9.000000,-1,0
1,22,3,16,70,8.000000,-1,0
7,22,3,16,70,7.000000,-1,0
5,22,3,16,70,7.000000,-1,0
3,22,3,16,70,8.000000,-1,0
1,22,3,16,70,8.000000,-1,0
1,22,3,16,70,2.000000,-1,0
2,22,3,16,70,7.000000,-1,0
3,22,3,16,70,1.000000,-1,0
4,22,3,16,70,7.000000,-1,0
6,22,3,16,70,3.000000,-1,0
5,0,16,3,71,10.000000,-1,1
3,0,16,3,71,10.000000,-1,1
1,0,16,3,71,10.000000,-1,1
7,0,16,3,71,10.000000,-1,1
5,0,16,3,71,5.000000,-1,1
3,0,16,3,71,5.000000,-1,1
1,0,16,3,71,5.000000,-1,1
7,0,16,3,71,5.000000,-1,1
6,0,16,3,71,2.000000,-1,1
5,11,16,3,71,6.000000,-1,1
3,11,16,3,71,6.000000,-1,1
1,11,16,3,71,6.000000,-1,1
7,11,16,3,71,6.000000,-1,1
6,11,16,3,71,6.000000,-1,1
4,11,16,3,71,6.000000,-1,1
2,11,16,3,71,5.000000,-1,1
0,29,16,3,71,1.000000,-1,1
0,29,16,3,71,1.000000,-1,1
0,29,16,3,71,6.000000,-1,1
2,29,16,3,71,2.000000,-1,1
2,29,16,3,71,9.000000,-1,1
4,29,16,3,71,8.000000,-1,1
4,29,16,3,71,8.000000,-1,1
4,29,16,3,71,2.000000,-1,1
6,29,16,3,71,4.000000,-1,1
6,29,16,3,71,4.000000,-1,1
0,16,4,21,72,2.000000,-1,0
6,16,4,21,72,2.000000,-1,0
4,16,4,21,72,2.000000,-1,0
2,16,4,21,72,2.000000,-1,0
0,16,4,21,72,1.000000,-1,0
0,23,4,21,72,8.000000,-1,0
6,23,4,21,72,9.000000,-1,0
4,23,4,21,72,9.000000,-1,0
2,23,4,21,72,9.000000,-1,0
1,23,4,21,72,10.000000,-1,0
3,23,4,21,72,10.000000,-1,0
3,23,4,21,72,1.000000,-1,0
5,23,4,21,72,10.000000,-1,0
5,23,4,21,72,1.000000,-1,0
7,23,4,21,72,7.000000,-1,0
6,6,21,4,73,8.000000,-1,0
4,6,21,4,73,7.000000,-1,0
2,6,21,4,73,7.000000,-1,0
0,6,21,4,73,8.000000,-1,0
6,6,21,4,73,8.000000,-1,0
7,6,21,4,73,7.000000,-1,0
1,6,21,4,73,7.000000,-1,0
3,6,21,4,73,2.000000,-1,0
4,14,21,4,73,8.000000,-1,0
0,14,21,4,73,8.000000,-1,0
5,14,21,4,73,7.000000,-1,0
2,14,21,4,73,8.000000,-1,0
7,14,21,4,73,9.000000,-1,0
1,14,21,4,73,8.000000,-1,0
1,14,21,4,73,1.000000,-1,0
3,14,21,4,73,5.000000,-1,0
0,17,5,17,74,11.000000,-1,0
6,17,5,17,74,11.000000,-1,0
4,17,5,17,74,11.000000,-1,0
2,17,5,17,74,11.000000,-1,0
0,17,5,17,74,8.000000,-1,0
7,17,5,17,74,11.000000,-1,0
5,17,5,17,74,11.000000,-1,0
3,17,5,17,74,8.000000,-1,0
1,24,5,17,74,9.000000,-1,0
1,24,5,17,74,9.000000,-1,0
1,24,5,17,74,1.000000,-1,0
2,24,5,17,74,8.000000,-1,0
3,24,5,17,74,9.000000,-1,0
3,24,5,17,74,2.000000,-1,0
4,24,5,17,74,8.000000,-1,0
5,24,5,17,74,8.000000,-1,0
6,24,5,17,74,8.000000,-1,0
7,24,5,17,74,4.000000,-1,0
6,9,17,5,75,10.000000,-1,0
4,9,17,5,75,9.000000,-1,0
2,9,17,5,75,9.000000,-1,0
0,9,17,5,75,10.000000,-1,0
6,9,17,5,75,1.000000,-1,0
7,9,17,5,75,1.000000,-1,0
7,9,17,5,75,8.000000,-1,0
0,9,17,5,75,1.000000,-1,0
5,16,17,5,75,2.000000,-1,0
3,16,17,5,75,2.000000,-1,0
1,16,17,5,75,2.000000,-1,0
7,16,17,5,75,1.000000,-1,0
1,16,17,5,75,1.000000,-1,0
0,2,6,21,76,6.000000,-1,0
6,2,6,21,76,6.000000,-1,0
4,2,6,21,76,6.000000,-1,0
2,2,6,21,76,6.000000,-1,0
0,2,6,21,76,6.000000,-1,0
6,2,6,21,76,6.000000,-1,0
4,2,6,21,76,5.000000,-1,0
0,11,6,21,76,6.000000,-1,0
6,11,6,21,76,6.000000,-1,0
4,11,6,21,76,6.000000,-1,0
2,11,6,21,76,6.000000,-1,0
1,11,6,21,76,6.000000,-1,0
7,11,6,21,76,6.000000,-1,0
5,11,6,21,76,5.000000,-1,0
1,25,6,21,76,8.000000,-1,0
7,25,6,21,76,8.000000,-1,0
5,25,6,21,76,8.000000,-1,0
3,25,6,21,76,8.000000,-1,0
1,25,6,21,76,4.000000,-1,0
2,25,6,21,76,6.000000,-1,0
3,25,6,21,76,8.000000,-1,0
3,25,6,21,76,2.000000,-1,0
4,25,6,21,76,1.000000,-1,0
5,25,6,21,76,5.000000,-1,0
5,4,21,6,77,10.000000,-1,1
3,4,21,6,77,10.000000,-1,1
1,4,21,6,77,10.000000,-1,1
7,4,21,6,77,10.000000,-1,1
6,4,21,6,77,7.000000,-1,1
4,4,21,6,77,10.000000,-1,1
2,4,21,6,77,10.000000,-1,1
0,4,21,6,77,4.000000,-1,1
0,3,7,17,78,8.000000,-1,0
6,3,7,17,78,8.000000,-1,0
4,3,7,17,78,8.000000,-1,0
2,3,7,17,78,8.000000,-1,0
0,3,7,17,78,8.000000,-1,0
7,3,7,17,78,8.000000,-1,0
5,3,7,17,78,8.000000,-1,0
3,3,7,17,78,2.000000,-1,0
1,12,7,17,78,8.000000,-1,0
7,12,7,17,78,8.000000,-1,0
5,12,7,17,78,8.000000,-1,0
3,12,7,17,78,8.000000,-1,0
1,12,7,17,78,8.000000,-1,0
2,12,7,17,78,8.000000,-1,0
3,12,7,17,78,6.000000,-1,0
4,12,7,17,78,4.000000,-1,0
4,26,7,17,78,2.000000,-1,0
4,26,7,17,78,2.000000,-1,0
6,26,7,17,78,2.000000,-1,0
6,26,7,17,78,2.000000,-1,0
6,26,7,17,78,1.000000,-1,0
5,7,17,7,79,1.000000,-1,1
3,7,17,7,79,2.000000,-1,1
1,7,17,7,79,2.000000,-1,1
7,7,17,7,79,2.000000,-1,1
6,7,17,7,79,1.000000,-1,1
0,4,8,22,80,10.000000,-1,0
6,4,8,22,80,10.000000,-1,0
4,4,8,22,80,10.000000,-1,0
2,4,8,22,80,10.000000,-1,0
0,4,8,22,80,10.000000,-1,0
7,4,8,22,80,10.000000,-1,0
5,4,8,22,80,10.000000,-1,0
3,4,8,22,80,4.000000,-1,0
0,13,8,22,80,9.000000,-1,0
6,13,8,22,80,10.000000,-1,0
4,13,8,22,80,10.000000,-1,0
2,13,8,22,80,10.000000,-1,0
1,13,8,22,80,10.000000,-1,0
7,13,8,22,80,10.000000,-1,0
5,13,8,22,80,10.000000,-1,0
3,13,8,22,80,5.000000,-1,0
1,27,8,22,80,11.000000,-1,0
7,27,8,22,80,9.000000,-1,0
5,27,8,22,80,9.000000,-1,0
3,27,8,22,80,11.000000,-1,0
1,27,8,22,80,8.000000,-1,0
2,27,8,22,80,9.000000,-1,0
3,27,8,22,80,9.000000,-1,0
4,27,8,22,80,9.000000,-1,0
6,27,8,22,80,7.000000,-1,0
0,28,9,18,82,11.000000,-1,0
4,28,9,18,82,11.000000,-1,0
1,28,9,18,82,11.000000,-1,0
5,28,9,18,82,11.000000,-1,0
2,28,9,18,82,11.000000,-1,0
6,28,9,18,82,11.000000,-1,0
3,28,9,18,82,11.000000,-1,0
7,28,9,18,82,5.000000,-1,0
5,3,18,9,83,8.000000,-1,0
3,3,18,9,83,8.000000,-1,0
1,3,18,9,83,8.000000,-1,0
7,3,18,9,83,8.000000,-1,0
6,3,18,9,83,8.000000,-1,0
4,3,18,9,83,8.000000,-1,0
2,3,18,9,83,8.000000,-1,0
0,3,18,9,83,2.000000,-1,0
0,5,10,22,84,9.000000,-1,0
4,5,10,22,84,9.000000,-1,0
0,5,10,22,84,9.000000,-1,0
4,5,10,22,84,9.000000,-1,0
0,5,10,22,84,9.000000,-1,0
5,5,10,22,84,9.000000,-1,0
1,5,10,22,84,9.000000,-1,0
6,5,10,22,84,3.000000,-1,0
1,9,10,22,84,10.000000,-1,0
7,9,10,22,84,10.000000,-1,0
5,9,10,22,84,10.000000,-1,0
3,9,10,22,84,10.000000,-1,0
1,9,10,22,84,8.000000,-1,0
7,9,10,22,84,10.000000,-1,0
2,9,10,22,84,10.000000,-1,0
2,9,10,22,84,6.000000,-1,0
2,29,10,22,84,10.000000,-1,0
2,29,10,22,84,1.000000,-1,0
3,29,10,22,84,10.000000,-1,0
3,29,10,22,84,7.000000,-1,0
4,29,10,22,84,9.000000,-1,0
5,29,10,22,84,8.000000,-1,0
6,29,10,22,84,10.000000,-1,0
6,29,10,22,84,10.000000,-1,0
6,29,10,22,84,4.000000,-1,0
7,29,10,22,84,5.000000,-1,0
5,19,22,10,85,9.000000,-1,1
3,19,22,10,85,9.000000,-1,1
1,19,22,10,85,9.000000,-1,1
7,19,22,10,85,9.000000,-1,1
6,19,22,10,85,3.000000,-1,1
4,19,22,10,85,10.000000,-1,1
2,19,22,10,85,10.000000,-1,1
0,19,22,10,85,4.000000,-1,1
0,6,11,18,86,8.000000,-1,0
7,6,11,18,86,8.000000,-1,0
5,6,11,18,86,8.000000,-1,0
3,6,11,18,86,8.000000,-1,0
1,6,11,18,86,8.000000,-1,0
2,6,11,18,86,8.000000,-1,0
4,6,11,18,86,8.000000,-1,0
6,6,11,18,86,2.000000,-1,0
6,25,18,11,87,7.000000,-1,1
4,25,18,11,87,7.000000,-1,1
2,25,18,11,87,7.000000,-1,1
0,25,18,11,87,8.000000,-1,1
7,25,18,11,87,1.000000,-1,1
7,25,18,11,87,6.000000,-1,1
1,25,18,11,87,1.000000,-1,1
1,25,18,11,87,2.000000,-1,1
1,25,18,11,87,1.000000,-1,1
3,25,18,11,87,1.000000,-1,1
0,10,12,23,88,6.000000,-1,0
6,10,12,23,88,6.000000,-1,0
4,10,12,23,88,6.000000,-1,0
2,10,12,23,88,6.000000,-1,0
1,10,12,23,88,6.000000,-1,0
7,10,12,23,88,6.000000,-1,0
5,10,12,23,88,5.000000,-1,0
6,1,23,12,89,6.000000,-1,0
4,1,23,12,89,6.000000,-1,0
2,1,23,12,89,6.000000,-1,0
0,1,23,12,89,6.000000,-1,0
6,1,23,12,89,6.000000,-1,0
0,1,23,12,89,6.000000,-1,0
2,1,23,12,89,5.000000,-1,0
3,5,23,12,89,9.000000,-1,0
7,5,23,12,89,9.000000,-1,0
3,5,23,12,89,5.000000,-1,0
7,5,23,12,89,5.000000,-1,0
4,5,23,12,89,8.000000,-1,0
0,5,23,12,89,2.000000,-1,0
5,5,23,12,89,9.000000,-1,0
1,5,23,12,89,3.000000,-1,0
0,19,13,19,90,10.000000,-1,0
6,19,13,19,90,10.000000,-1,0
4,19,13,19,90,10.000000,-1,0
2,19,13,19,90,10.000000,-1,0
1,19,13,19,90,10.000000,-1,0
7,19,13,19,90,10.000000,-1,0
5,19,13,19,90,10.000000,-1,0
3,19,13,19,90,4.000000,-1,0
5,13,19,13,91,9.000000,-1,0
3,13,19,13,91,10.000000,-1,0
1,13,19,13,91,10.000000,-1,0
7,13,19,13,91,10.000000,-1,0
6,13,19,13,91,10.000000,-1,0
4,13,19,13,91,10.000000,-1,0
2,13,19,13,91,10.000000,-1,0
0,13,19,13,91,5.000000,-1,0
6,22,19,13,91,8.000000,-1,0
4,22,19,13,91,6.000000,-1,0
2,22,19,13,91,6.000000,-1,0
0,22,19,13,91,8.000000,-1,0
6,22,19,13,91,6.000000,-1,0
7,22,19,13,91,1.000000,-1,0
7,22,19,13,91,6.000000,-1,0
0,22,19,13,91,1.000000,-1,0
1,22,19,13,91,6.000000,-1,0
3,22,19,13,91,3.000000,-1,0
3,28,19,13,91,11.000000,-1,0
7,28,19,13,91,10.000000,-1,0
4,28,19,13,91,11.000000,-1,0
0,28,19,13,91,11.000000,-1,0
5,28,19,13,91,11.000000,-1,0
1,28,19,13,91,10.000000,-1,0
6,28,19,13,91,3.000000,-1,0
2,28,19,13,91,5.000000,-1,0
0,7,14,23,92,2.000000,-1,0
6,7,14,23,92,2.000000,-1,0
4,7,14,23,92,2.000000,-1,0
2,7,14,23,92,2.000000,-1,0
0,7,14,23,92,1.000000,-1,0
0,20,14,23,92,4.000000,-1,0
7,20,14,23,92,6.000000,-1,0
5,20,14,23,92,6.000000,-1,0
3,20,14,23,92,6.000000,-1,0
1,20,14,23,92,6.000000,-1,0
7,20,14,23,92,1.000000,-1,0
1,20,14,23,92,1.000000,-1,0
2,20,14,23,92,5.000000,-1,0
3,20,14,23,92,1.000000,-1,0
4,20,14,23,92,5.000000,-1,0
6,12,23,14,93,8.000000,-1,1
4,12,23,14,93,8.000000,-1,1
2,12,23,14,93,8.000000,-1,1
0,12,23,14,93,8.000000,-1,1
6,12,23,14,93,8.000000,-1,1
7,12,23,14,93,8.000000,-1,1
0,12,23,14,93,1.000000,-1,1
1,12,23,14,93,4.000000,-1,1
5,23,23,14,93,1.000000,-1,1
3,23,23,14,93,1.000000,-1,1
1,23,23,14,93,2.000000,-1,1
7,23,23,14,93,4.000000,-1,1
1,23,23,14,93,7.000000,-1,1
1,23,23,14,93,1.000000,-1,1
1,23,23,14,93,1.000000,-1,1
2,23,23,14,93,2.000000,-1,1
3,23,23,14,93,1.000000,-1,1
4,23,23,14,93,7.000000,-1,1
0,8,15,19,94,11.000000,-1,0
6,8,15,19,94,11.000000,-1,0
4,8,15,19,94,11.000000,-1,0
2,8,15,19,94,11.000000,-1,0
0,8,15,19,94,5.000000,-1,0
6,8,15,19,94,5.000000,-1,0
4,8,15,19,94,5.000000,-1,0
2,8,15,19,94,5.000000,-1,0
1,8,15,19,94,11.000000,-1,0
7,8,15,19,94,7.000000,-1,0
1,21,15,19,94,5.000000,-1,0
7,21,15,19,94,6.000000,-1,0
5,21,15,19,94,6.000000,-1,0
3,21,15,19,94,6.000000,-1,0
3,21,15,19,94,6.000000,-1,0
3,21,15,19,94,4.000000,-1,0
5,21,15,19,94,6.000000,-1,0
5,21,15,19,94,2.000000,-1,0
5,15,19,15,95,8.000000,-1,1
3,15,19,15,95,8.000000,-1,1
1,15,19,15,95,8.000000,-1,1
7,15,19,15,95,8.000000,-1,1
6,15,19,15,95,8.000000,-1,1
4,15,19,15,95,8.000000,-1,1
2,15,19,15,95,8.000000,-1,1
0,15,19,15,95,2.000000,-1,1
7,24,19,15,95,7.000000,-1,1
0,24,19,15,95,2.000000,-1,1
0,24,19,15,95,1.000000,-1,1
0,24,19,15,95,3.000000,-1,1
0,24,19,15,95,5.000000,-1,1
1,24,19,15,95,2.000000,-1,1
1,24,19,15,95,6.000000,-1,1
2,24,19,15,95,6.000000,-1,1
3,24,19,15,95,8.000000,-1,1
4,24,19,15,95,4.000000,-1,1
