# time slot,request num,vertex1,vertex2,edge num,flow in slot,in port,out port
2,23,11,7,0,5.000000,-1,1
6,23,11,7,0,5.000000,-1,1
2,23,11,7,0,5.000000,-1,1
6,23,11,7,0,5.000000,-1,1
3,23,11,7,0,5.000000,-1,1
0,23,11,7,0,5.000000,-1,1
4,23,11,7,0,5.000000,-1,1
0,23,11,7,0,2.000000,-1,1
2,28,7,11,1,6.000000,-1,2
7,28,7,11,1,6.000000,-1,2
4,28,7,11,1,6.000000,-1,2
1,28,7,11,1,2.000000,-1,2
6,28,7,11,1,6.000000,-1,2
3,28,7,11,1,2.000000,-1,2
0,28,7,11,1,5.000000,-1,2
0,9,10,8,3,10.000000,-1,4
2,9,10,8,3,10.000000,-1,4
4,9,10,8,3,10.000000,-1,4
6,9,10,8,3,10.000000,-1,4
1,9,10,8,3,10.000000,-1,4
3,9,10,8,3,10.000000,-1,4
5,9,10,8,3,10.000000,-1,4
7,9,10,8,3,4.000000,-1,4
0,1,2,12,4,6.000000,-1,0
1,1,2,12,4,6.000000,-1,0
2,1,2,12,4,6.000000,-1,0
3,1,2,12,4,6.000000,-1,0
4,1,2,12,4,6.000000,-1,0
5,1,2,12,4,6.000000,-1,0
6,1,2,12,4,5.000000,-1,0
3,18,12,2,5,6.000000,-1,1
7,18,12,2,5,6.000000,-1,1
3,18,12,2,5,4.000000,-1,1
7,18,12,2,5,4.000000,-1,1
4,18,12,2,5,6.000000,-1,1
0,18,12,2,5,6.000000,-1,1
4,18,12,2,5,4.000000,-1,1
0,18,12,2,5,2.000000,-1,1
2,27,12,2,5,6.000000,-1,1
5,27,12,2,5,6.000000,-1,1
0,27,12,2,5,6.000000,-1,1
5,27,12,2,5,6.000000,-1,1
0,27,12,2,5,1.000000,-1,1
6,27,12,2,5,5.000000,-1,1
1,27,12,2,5,6.000000,-1,1
6,27,12,2,5,1.000000,-1,1
0,5,10,6,8,5.000000,-1,3
3,5,10,6,8,5.000000,-1,3
6,5,10,6,8,5.000000,-1,3
1,5,10,6,8,5.000000,-1,3
4,5,10,6,8,5.000000,-1,3
7,5,10,6,8,5.000000,-1,3
2,5,10,6,8,3.000000,-1,3
2,8,10,6,8,6.000000,-1,3
7,8,10,6,8,6.000000,-1,3
4,8,10,6,8,6.000000,-1,3
1,8,10,6,8,5.000000,-1,3
6,8,10,6,8,6.000000,-1,3
3,8,10,6,8,5.000000,-1,3
0,8,10,6,8,5.000000,-1,3
2,21,10,6,8,2.000000,-1,3
7,21,10,6,8,2.000000,-1,3
4,21,10,6,8,2.000000,-1,3
2,21,10,6,8,2.000000,-1,3
0,21,10,6,8,3.000000,-1,3
5,21,10,6,8,3.000000,-1,3
4,21,10,6,8,2.000000,-1,3
5,21,10,6,8,2.000000,-1,3
6,21,10,6,8,2.000000,-1,3
1,22,10,6,8,8.000000,-1,3
4,22,10,6,8,8.000000,-1,3
7,22,10,6,8,8.000000,-1,3
2,22,10,6,8,8.000000,-1,3
5,22,10,6,8,8.000000,-1,3
0,22,10,6,8,8.000000,-1,3
3,22,10,6,8,8.000000,-1,3
6,22,10,6,8,2.000000,-1,3
0,11,6,10,9,6.000000,-1,2
2,11,6,10,9,6.000000,-1,2
4,11,6,10,9,6.000000,-1,2
6,11,6,10,9,6.000000,-1,2
0,11,6,10,9,6.000000,-1,2
3,11,6,10,9,6.000000,-1,2
5,11,6,10,9,5.000000,-1,2
1,19,6,10,9,10.000000,-1,2
3,19,6,10,9,9.000000,-1,2
5,19,6,10,9,10.000000,-1,2
7,19,6,10,9,10.000000,-1,2
2,19,6,10,9,9.000000,-1,2
4,19,6,10,9,9.000000,-1,2
6,19,6,10,9,9.000000,-1,2
0,19,6,10,9,3.000000,-1,2
0,25,6,11,10,8.000000,-1,3
1,25,6,11,10,8.000000,-1,3
2,25,6,11,10,8.000000,-1,3
3,25,6,11,10,8.000000,-1,3
4,25,6,11,10,8.000000,-1,3
5,25,6,11,10,8.000000,-1,3
6,25,6,11,10,8.000000,-1,3
7,25,6,11,10,2.000000,-1,3
3,28,11,6,11,6.000000,-1,0
0,28,11,6,11,6.000000,-1,0
5,28,11,6,11,6.000000,-1,0
2,28,11,6,11,2.000000,-1,0
7,28,11,6,11,6.000000,-1,0
4,28,11,6,11,2.000000,-1,0
1,28,11,6,11,5.000000,-1,0
0,4,8,6,19,10.000000,-1,4
1,4,8,6,19,10.000000,-1,4
2,4,8,6,19,10.000000,-1,4
3,4,8,6,19,10.000000,-1,4
4,4,8,6,19,10.000000,-1,4
5,4,8,6,19,10.000000,-1,4
6,4,8,6,19,10.000000,-1,4
7,4,8,6,19,4.000000,-1,4
0,13,8,6,19,9.000000,-1,4
2,13,8,6,19,9.000000,-1,4
4,13,8,6,19,9.000000,-1,4
6,13,8,6,19,9.000000,-1,4
1,13,8,6,19,9.000000,-1,4
3,13,8,6,19,9.000000,-1,4
5,13,8,6,19,9.000000,-1,4
7,13,8,6,19,10.000000,-1,4
7,13,8,6,19,1.000000,-1,4
0,2,6,1,20,6.000000,-1,0
1,2,6,1,20,6.000000,-1,0
2,2,6,1,20,6.000000,-1,0
3,2,6,1,20,6.000000,-1,0
4,2,6,1,20,6.000000,-1,0
5,2,6,1,20,6.000000,-1,0
6,2,6,1,20,5.000000,-1,0
1,5,6,1,20,5.000000,-1,0
4,5,6,1,20,5.000000,-1,0
7,5,6,1,20,5.000000,-1,0
2,5,6,1,20,5.000000,-1,0
5,5,6,1,20,5.000000,-1,0
0,5,6,1,20,5.000000,-1,0
3,5,6,1,20,3.000000,-1,0
1,9,8,5,23,10.000000,-1,3
3,9,8,5,23,10.000000,-1,3
5,9,8,5,23,10.000000,-1,3
7,9,8,5,23,10.000000,-1,3
2,9,8,5,23,10.000000,-1,3
4,9,8,5,23,10.000000,-1,3
6,9,8,5,23,10.000000,-1,3
0,9,8,5,23,4.000000,-1,3
0,27,8,1,24,6.000000,-1,1
3,27,8,1,24,6.000000,-1,1
6,27,8,1,24,6.000000,-1,1
1,27,8,1,24,6.000000,-1,1
6,27,8,1,24,5.000000,-1,1
1,27,8,1,24,5.000000,-1,1
7,27,8,1,24,6.000000,-1,1
2,27,8,1,24,1.000000,-1,1
0,15,1,8,25,4.000000,-1,2
3,15,1,8,25,4.000000,-1,2
6,15,1,8,25,4.000000,-1,2
1,15,1,8,25,4.000000,-1,2
4,15,1,8,25,4.000000,-1,2
7,15,1,8,25,4.000000,-1,2
2,15,1,8,25,4.000000,-1,2
5,15,1,8,25,1.000000,-1,2
1,15,8,0,26,4.000000,-1,0
4,15,8,0,26,4.000000,-1,0
7,15,8,0,26,4.000000,-1,0
2,15,8,0,26,4.000000,-1,0
5,15,8,0,26,4.000000,-1,0
0,15,8,0,26,4.000000,-1,0
3,15,8,0,26,4.000000,-1,0
6,15,8,0,26,1.000000,-1,0
4,8,13,2,29,6.000000,-1,0
1,8,13,2,29,6.000000,-1,0
6,8,13,2,29,6.000000,-1,0
3,8,13,2,29,5.000000,-1,0
0,8,13,2,29,6.000000,-1,0
5,8,13,2,29,5.000000,-1,0
2,8,13,2,29,5.000000,-1,0
4,21,13,2,29,2.000000,-1,0
1,21,13,2,29,2.000000,-1,0
6,21,13,2,29,2.000000,-1,0
4,21,13,2,29,2.000000,-1,0
2,21,13,2,29,3.000000,-1,0
7,21,13,2,29,3.000000,-1,0
6,21,13,2,29,2.000000,-1,0
7,21,13,2,29,2.000000,-1,0
0,21,13,2,29,2.000000,-1,0
3,8,6,13,30,6.000000,-1,4
0,8,6,13,30,6.000000,-1,4
5,8,6,13,30,6.000000,-1,4
2,8,6,13,30,5.000000,-1,4
7,8,6,13,30,6.000000,-1,4
4,8,6,13,30,5.000000,-1,4
1,8,6,13,30,5.000000,-1,4
1,13,6,13,30,9.000000,-1,4
3,13,6,13,30,9.000000,-1,4
5,13,6,13,30,9.000000,-1,4
7,13,6,13,30,9.000000,-1,4
2,13,6,13,30,9.000000,-1,4
4,13,6,13,30,9.000000,-1,4
6,13,6,13,30,9.000000,-1,4
0,13,6,13,30,10.000000,-1,4
0,13,6,13,30,1.000000,-1,4
3,21,6,13,30,2.000000,-1,4
0,21,6,13,30,2.000000,-1,4
5,21,6,13,30,2.000000,-1,4
3,21,6,13,30,2.000000,-1,4
1,21,6,13,30,3.000000,-1,4
6,21,6,13,30,3.000000,-1,4
5,21,6,13,30,2.000000,-1,4
6,21,6,13,30,2.000000,-1,4
7,21,6,13,30,2.000000,-1,4
2,22,6,13,30,8.000000,-1,4
5,22,6,13,30,8.000000,-1,4
0,22,6,13,30,8.000000,-1,4
3,22,6,13,30,8.000000,-1,4
6,22,6,13,30,8.000000,-1,4
1,22,6,13,30,8.000000,-1,4
4,22,6,13,30,8.000000,-1,4
7,22,6,13,30,2.000000,-1,4
4,28,6,13,30,6.000000,-1,4
1,28,6,13,30,6.000000,-1,4
6,28,6,13,30,6.000000,-1,4
3,28,6,13,30,2.000000,-1,4
0,28,6,13,30,6.000000,-1,4
5,28,6,13,30,2.000000,-1,4
2,28,6,13,30,5.000000,-1,4
0,19,13,6,31,10.000000,-1,1
2,19,13,6,31,10.000000,-1,1
4,19,13,6,31,10.000000,-1,1
6,19,13,6,31,10.000000,-1,1
1,19,13,6,31,10.000000,-1,1
3,19,13,6,31,10.000000,-1,1
5,19,13,6,31,10.000000,-1,1
7,19,13,6,31,4.000000,-1,1
2,5,1,12,32,5.000000,-1,3
5,5,1,12,32,5.000000,-1,3
0,5,1,12,32,5.000000,-1,3
3,5,1,12,32,5.000000,-1,3
6,5,1,12,32,5.000000,-1,3
1,5,1,12,32,5.000000,-1,3
4,5,1,12,32,3.000000,-1,3
2,18,1,12,32,6.000000,-1,3
6,18,1,12,32,6.000000,-1,3
2,18,1,12,32,4.000000,-1,3
6,18,1,12,32,4.000000,-1,3
3,18,1,12,32,6.000000,-1,3
7,18,1,12,32,6.000000,-1,3
3,18,1,12,32,4.000000,-1,3
7,18,1,12,32,2.000000,-1,3
1,27,1,12,32,6.000000,-1,3
4,27,1,12,32,6.000000,-1,3
7,27,1,12,32,6.000000,-1,3
4,27,1,12,32,6.000000,-1,3
7,27,1,12,32,1.000000,-1,3
5,27,1,12,32,5.000000,-1,3
0,27,1,12,32,6.000000,-1,3
5,27,1,12,32,1.000000,-1,3
0,10,12,1,33,3.000000,-1,0
1,10,12,1,33,3.000000,-1,0
2,10,12,1,33,3.000000,-1,0
3,10,12,1,33,3.000000,-1,0
4,10,12,1,33,3.000000,-1,0
5,10,12,1,33,3.000000,-1,0
6,10,12,1,33,3.000000,-1,0
1,6,10,4,34,8.000000,-1,2
3,6,10,4,34,8.000000,-1,2
5,6,10,4,34,8.000000,-1,2
7,6,10,4,34,8.000000,-1,2
2,6,10,4,34,8.000000,-1,2
4,6,10,4,34,8.000000,-1,2
6,6,10,4,34,8.000000,-1,2
0,6,10,4,34,2.000000,-1,2
0,23,4,10,35,5.000000,-1,1
4,23,4,10,35,5.000000,-1,1
0,23,4,10,35,5.000000,-1,1
4,23,4,10,35,5.000000,-1,1
1,23,4,10,35,5.000000,-1,1
6,23,4,10,35,5.000000,-1,1
2,23,4,10,35,5.000000,-1,1
6,23,4,10,35,2.000000,-1,1
0,28,9,14,36,6.000000,-1,0
5,28,9,14,36,6.000000,-1,0
2,28,9,14,36,6.000000,-1,0
7,28,9,14,36,6.000000,-1,0
4,28,9,14,36,6.000000,-1,0
1,28,9,14,36,6.000000,-1,0
6,28,9,14,36,5.000000,-1,0
1,3,14,9,37,4.000000,-1,1
3,3,14,9,37,4.000000,-1,1
5,3,14,9,37,4.000000,-1,1
7,3,14,9,37,4.000000,-1,1
1,3,14,9,37,4.000000,-1,1
3,3,14,9,37,4.000000,-1,1
5,3,14,9,37,4.000000,-1,1
7,3,14,9,37,1.000000,-1,1
0,0,0,10,38,10.000000,-1,3
2,0,0,10,38,10.000000,-1,3
4,0,0,10,38,10.000000,-1,3
6,0,0,10,38,10.000000,-1,3
0,0,0,10,38,10.000000,-1,3
2,0,0,10,38,10.000000,-1,3
4,0,0,10,38,10.000000,-1,3
6,0,0,10,38,4.000000,-1,3
1,8,0,10,38,6.000000,-1,3
6,8,0,10,38,6.000000,-1,3
3,8,0,10,38,6.000000,-1,3
0,8,0,10,38,5.000000,-1,3
5,8,0,10,38,6.000000,-1,3
2,8,0,10,38,5.000000,-1,3
7,8,0,10,38,5.000000,-1,3
1,21,0,10,38,2.000000,-1,3
6,21,0,10,38,2.000000,-1,3
3,21,0,10,38,2.000000,-1,3
1,21,0,10,38,2.000000,-1,3
7,21,0,10,38,3.000000,-1,3
4,21,0,10,38,3.000000,-1,3
3,21,0,10,38,2.000000,-1,3
4,21,0,10,38,2.000000,-1,3
5,21,0,10,38,2.000000,-1,3
1,18,7,1,40,6.000000,-1,0
5,18,7,1,40,6.000000,-1,0
1,18,7,1,40,5.000000,-1,0
5,18,7,1,40,5.000000,-1,0
2,18,7,1,40,6.000000,-1,0
6,18,7,1,40,6.000000,-1,0
2,18,7,1,40,5.000000,-1,0
6,18,7,1,40,2.000000,-1,0
1,20,7,1,40,3.000000,-1,0
3,20,7,1,40,3.000000,-1,0
5,20,7,1,40,3.000000,-1,0
7,20,7,1,40,3.000000,-1,0
1,20,7,1,40,3.000000,-1,0
3,20,7,1,40,3.000000,-1,0
5,20,7,1,40,3.000000,-1,0
0,26,7,1,40,2.000000,-1,0
2,26,7,1,40,2.000000,-1,0
3,26,7,1,40,2.000000,-1,0
4,26,7,1,40,2.000000,-1,0
6,26,7,1,40,1.000000,-1,0
1,16,0,5,44,2.000000,-1,1
3,16,0,5,44,2.000000,-1,1
5,16,0,5,44,2.000000,-1,1
7,16,0,5,44,2.000000,-1,1
2,16,0,5,44,1.000000,-1,1
0,17,5,0,45,11.000000,-1,0
1,17,5,0,45,11.000000,-1,0
2,17,5,0,45,11.000000,-1,0
3,17,5,0,45,11.000000,-1,0
4,17,5,0,45,11.000000,-1,0
5,17,5,0,45,11.000000,-1,0
6,17,5,0,45,11.000000,-1,0
7,17,5,0,45,5.000000,-1,0
0,24,5,0,45,5.000000,-1,0
2,24,5,0,45,5.000000,-1,0
4,24,5,0,45,5.000000,-1,0
6,24,5,0,45,5.000000,-1,0
0,24,5,0,45,3.000000,-1,0
3,24,5,0,45,5.000000,-1,0
5,24,5,0,45,5.000000,-1,0
0,6,11,10,46,8.000000,-1,3
2,6,11,10,46,8.000000,-1,3
4,6,11,10,46,8.000000,-1,3
6,6,11,10,46,8.000000,-1,3
1,6,11,10,46,8.000000,-1,3
3,6,11,10,46,8.000000,-1,3
5,6,11,10,46,8.000000,-1,3
7,6,11,10,46,2.000000,-1,3
1,23,10,11,47,5.000000,-1,5
5,23,10,11,47,5.000000,-1,5
1,23,10,11,47,5.000000,-1,5
5,23,10,11,47,5.000000,-1,5
2,23,10,11,47,5.000000,-1,5
7,23,10,11,47,5.000000,-1,5
3,23,10,11,47,5.000000,-1,5
7,23,10,11,47,2.000000,-1,5
0,3,7,14,48,4.000000,-1,3
2,3,7,14,48,4.000000,-1,3
4,3,7,14,48,4.000000,-1,3
6,3,7,14,48,4.000000,-1,3
0,3,7,14,48,4.000000,-1,3
2,3,7,14,48,4.000000,-1,3
4,3,7,14,48,4.000000,-1,3
6,3,7,14,48,1.000000,-1,3
0,12,7,14,48,4.000000,-1,3
1,12,7,14,48,4.000000,-1,3
2,12,7,14,48,4.000000,-1,3
3,12,7,14,48,4.000000,-1,3
4,12,7,14,48,4.000000,-1,3
5,12,7,14,48,4.000000,-1,3
6,12,7,14,48,4.000000,-1,3
7,12,7,14,48,1.000000,-1,3
3,23,7,14,48,5.000000,-1,3
7,23,7,14,48,5.000000,-1,3
3,23,7,14,48,3.000000,-1,3
7,23,7,14,48,5.000000,-1,3
5,23,7,14,48,5.000000,-1,3
1,23,7,14,48,5.000000,-1,3
5,23,7,14,48,3.000000,-1,3
1,23,7,14,48,2.000000,-1,3
0,7,14,7,49,1.000000,-1,0
1,7,14,7,49,1.000000,-1,0
2,7,14,7,49,1.000000,-1,0
3,7,14,7,49,1.000000,-1,0
4,7,14,7,49,1.000000,-1,0
0,20,14,7,49,3.000000,-1,0
2,20,14,7,49,3.000000,-1,0
4,20,14,7,49,3.000000,-1,0
6,20,14,7,49,3.000000,-1,0
0,20,14,7,49,3.000000,-1,0
2,20,14,7,49,3.000000,-1,0
4,20,14,7,49,3.000000,-1,0
1,28,14,7,49,6.000000,-1,0
6,28,14,7,49,6.000000,-1,0
3,28,14,7,49,6.000000,-1,0
0,28,14,7,49,2.000000,-1,0
5,28,14,7,49,6.000000,-1,0
2,28,14,7,49,2.000000,-1,0
7,28,14,7,49,5.000000,-1,0
0,18,3,7,50,6.000000,-1,0
4,18,3,7,50,6.000000,-1,0
0,18,3,7,50,5.000000,-1,0
4,18,3,7,50,5.000000,-1,0
1,18,3,7,50,6.000000,-1,0
5,18,3,7,50,6.000000,-1,0
1,18,3,7,50,5.000000,-1,0
5,18,3,7,50,2.000000,-1,0
0,22,3,10,52,8.000000,-1,2
3,22,3,10,52,8.000000,-1,2
6,22,3,10,52,8.000000,-1,2
1,22,3,10,52,8.000000,-1,2
4,22,3,10,52,8.000000,-1,2
7,22,3,10,52,8.000000,-1,2
2,22,3,10,52,8.000000,-1,2
5,22,3,10,52,2.000000,-1,2
1,0,10,3,53,10.000000,-1,1
3,0,10,3,53,10.000000,-1,1
5,0,10,3,53,10.000000,-1,1
7,0,10,3,53,10.000000,-1,1
1,0,10,3,53,10.000000,-1,1
3,0,10,3,53,10.000000,-1,1
5,0,10,3,53,10.000000,-1,1
7,0,10,3,53,4.000000,-1,1
1,11,10,3,53,4.000000,-1,1
3,11,10,3,53,4.000000,-1,1
5,11,10,3,53,4.000000,-1,1
7,11,10,3,53,6.000000,-1,1
2,11,10,3,53,6.000000,-1,1
4,11,10,3,53,6.000000,-1,1
6,11,10,3,53,5.000000,-1,1
0,29,10,3,53,10.000000,-1,1
2,29,10,3,53,10.000000,-1,1
4,29,10,3,53,10.000000,-1,1
6,29,10,3,53,10.000000,-1,1
7,29,10,3,53,4.000000,-1,1
0,29,10,3,53,10.000000,-1,1
2,29,10,3,53,8.000000,-1,1
4,29,10,3,53,8.000000,-1,1
6,29,10,3,53,4.000000,-1,1
2,15,0,15,54,4.000000,-1,4
5,15,0,15,54,4.000000,-1,4
0,15,0,15,54,4.000000,-1,4
3,15,0,15,54,4.000000,-1,4
6,15,0,15,54,4.000000,-1,4
1,15,0,15,54,4.000000,-1,4
4,15,0,15,54,4.000000,-1,4
7,15,0,15,54,1.000000,-1,4
1,24,0,15,54,4.000000,-1,4
3,24,0,15,54,4.000000,-1,4
5,24,0,15,54,4.000000,-1,4
7,24,0,15,54,5.000000,-1,4
2,24,0,15,54,3.000000,-1,4
4,24,0,15,54,4.000000,-1,4
6,24,0,15,54,4.000000,-1,4
0,8,15,0,55,6.000000,-1,0
5,8,15,0,55,6.000000,-1,0
2,8,15,0,55,6.000000,-1,0
7,8,15,0,55,6.000000,-1,0
4,8,15,0,55,6.000000,-1,0
1,8,15,0,55,6.000000,-1,0
6,8,15,0,55,5.000000,-1,0
0,21,15,0,55,2.000000,-1,0
5,21,15,0,55,2.000000,-1,0
2,21,15,0,55,2.000000,-1,0
7,21,15,0,55,2.000000,-1,0
6,21,15,0,55,3.000000,-1,0
3,21,15,0,55,3.000000,-1,0
1,21,15,0,55,2.000000,-1,0
3,21,15,0,55,3.000000,-1,0
3,21,15,0,55,2.000000,-1,0
0,14,0,4,56,9.000000,-1,0
1,14,0,4,56,9.000000,-1,0
2,14,0,4,56,9.000000,-1,0
3,14,0,4,56,9.000000,-1,0
4,14,0,4,56,9.000000,-1,0
5,14,0,4,56,9.000000,-1,0
6,14,0,4,56,9.000000,-1,0
7,14,0,4,56,3.000000,-1,0
0,16,4,0,57,2.000000,-1,0
2,16,4,0,57,2.000000,-1,0
4,16,4,0,57,2.000000,-1,0
6,16,4,0,57,2.000000,-1,0
1,16,4,0,57,1.000000,-1,0
