3135
# Request number,Source,Demand,#Dest,Destination
0,0,9.00000000,1,35
1,0,7.00000000,1,132
2,0,5.00000000,1,108
3,0,1.00000000,1,174
4,0,7.00000000,1,144
5,0,5.00000000,1,241
6,0,6.00000000,1,187
7,0,3.00000000,1,235
8,0,9.00000000,1,166
9,0,7.00000000,1,60
10,0,8.00000000,1,12
11,0,6.00000000,1,153
12,0,8.00000000,1,94
13,0,6.00000000,1,28
14,0,2.00000000,1,183
15,1,10.00000000,1,179
16,1,2.00000000,1,77
17,1,9.00000000,1,67
18,1,5.00000000,1,139
19,1,7.00000000,1,31
20,1,6.00000000,1,90
21,1,0.00000000,1,9
22,1,0.00000000,1,37
23,1,4.00000000,1,93
24,1,1.00000000,1,203
25,1,10.00000000,1,150
26,1,0.00000000,1,69
27,1,6.00000000,1,19
28,1,8.00000000,1,137
29,1,10.00000000,1,28
30,1,5.00000000,1,174
31,2,9.00000000,1,154
32,2,3.00000000,1,238
33,3,1.00000000,1,54
34,3,8.00000000,1,18
35,4,2.00000000,1,246
36,4,6.00000000,1,125
37,4,5.00000000,1,220
38,4,5.00000000,1,79
39,4,1.00000000,1,242
40,4,5.00000000,1,64
41,4,5.00000000,1,208
42,4,4.00000000,1,196
43,5,4.00000000,1,50
44,5,0.00000000,1,161
45,5,3.00000000,1,246
46,5,8.00000000,1,145
47,5,7.00000000,1,225
48,5,2.00000000,1,31
49,5,8.00000000,1,176
50,5,7.00000000,1,153
51,5,1.00000000,1,185
52,5,2.00000000,1,157
53,5,9.00000000,1,44
54,5,10.00000000,1,126
55,5,8.00000000,1,153
56,5,1.00000000,1,233
57,5,2.00000000,1,178
58,5,2.00000000,1,201
59,5,6.00000000,1,83
60,6,5.00000000,1,214
61,6,4.00000000,1,20
62,6,1.00000000,1,126
63,6,7.00000000,1,220
64,6,10.00000000,1,102
65,6,0.00000000,1,239
66,6,2.00000000,1,73
67,6,0.00000000,1,255
68,6,7.00000000,1,143
69,6,1.00000000,1,205
70,6,10.00000000,1,30
71,6,9.00000000,1,156
72,6,6.00000000,1,114
73,6,1.00000000,1,230
74,6,9.00000000,1,240
75,6,7.00000000,1,79
76,6,8.00000000,1,119
77,6,3.00000000,1,215
78,6,10.00000000,1,57
79,6,7.00000000,1,83
80,6,5.00000000,1,201
81,7,3.00000000,1,51
82,7,9.00000000,1,158
83,7,8.00000000,1,244
84,7,0.00000000,1,212
85,7,9.00000000,1,212
86,7,4.00000000,1,89
87,7,8.00000000,1,53
88,7,9.00000000,1,50
89,7,4.00000000,1,244
90,7,5.00000000,1,207
91,7,10.00000000,1,144
92,7,10.00000000,1,72
93,7,1.00000000,1,143
94,7,6.00000000,1,230
95,8,9.00000000,1,42
96,8,4.00000000,1,192
97,8,8.00000000,1,43
98,8,8.00000000,1,129
99,8,6.00000000,1,68
100,8,9.00000000,1,95
101,8,3.00000000,1,0
102,8,7.00000000,1,97
103,8,5.00000000,1,190
104,8,2.00000000,1,5
105,8,9.00000000,1,7
106,9,10.00000000,1,130
107,10,5.00000000,1,112
108,10,10.00000000,1,218
109,10,3.00000000,1,84
110,10,9.00000000,1,177
111,10,3.00000000,1,62
112,10,1.00000000,1,21
113,10,3.00000000,1,70
114,10,10.00000000,1,4
115,10,7.00000000,1,115
116,10,5.00000000,1,217
117,10,4.00000000,1,47
118,10,5.00000000,1,104
119,11,5.00000000,1,74
120,11,2.00000000,1,208
121,11,8.00000000,1,104
122,11,2.00000000,1,250
123,11,9.00000000,1,187
124,11,1.00000000,1,173
125,11,8.00000000,1,36
126,11,10.00000000,1,121
127,11,6.00000000,1,82
128,11,1.00000000,1,37
129,11,8.00000000,1,229
130,11,2.00000000,1,244
131,11,9.00000000,1,211
132,11,2.00000000,1,40
133,11,8.00000000,1,245
134,11,3.00000000,1,96
135,11,9.00000000,1,61
136,11,8.00000000,1,39
137,12,0.00000000,1,118
138,12,10.00000000,1,208
139,12,8.00000000,1,201
140,13,0.00000000,1,212
141,13,3.00000000,1,106
142,13,0.00000000,1,37
143,13,3.00000000,1,97
144,14,6.00000000,1,177
145,14,5.00000000,1,106
146,14,8.00000000,1,17
147,14,9.00000000,1,193
148,14,2.00000000,1,214
149,14,4.00000000,1,11
150,14,3.00000000,1,151
151,14,0.00000000,1,47
152,14,2.00000000,1,21
153,14,2.00000000,1,154
154,14,7.00000000,1,193
155,14,0.00000000,1,225
156,14,1.00000000,1,126
157,14,2.00000000,1,168
158,15,8.00000000,1,134
159,16,2.00000000,1,84
160,17,1.00000000,1,231
161,17,0.00000000,1,35
162,17,10.00000000,1,85
163,17,6.00000000,1,56
164,17,1.00000000,1,209
165,17,7.00000000,1,108
166,17,7.00000000,1,102
167,17,8.00000000,1,78
168,17,8.00000000,1,48
169,17,1.00000000,1,254
170,17,2.00000000,1,113
171,17,8.00000000,1,226
172,17,10.00000000,1,226
173,17,2.00000000,1,155
174,18,4.00000000,1,101
175,18,8.00000000,1,42
176,18,2.00000000,1,137
177,18,8.00000000,1,130
178,18,5.00000000,1,122
179,18,4.00000000,1,120
180,18,5.00000000,1,99
181,18,10.00000000,1,38
182,18,6.00000000,1,218
183,18,3.00000000,1,109
184,18,7.00000000,1,98
185,18,2.00000000,1,150
186,18,7.00000000,1,52
187,18,9.00000000,1,57
188,18,5.00000000,1,63
189,18,4.00000000,1,94
190,18,7.00000000,1,109
191,18,6.00000000,1,227
192,18,4.00000000,1,40
193,18,10.00000000,1,30
194,18,4.00000000,1,29
195,18,7.00000000,1,194
196,18,7.00000000,1,63
197,19,1.00000000,1,132
198,19,4.00000000,1,20
199,19,5.00000000,1,101
200,19,4.00000000,1,40
201,19,10.00000000,1,201
202,19,0.00000000,1,231
203,19,7.00000000,1,142
204,19,7.00000000,1,54
205,19,3.00000000,1,220
206,20,9.00000000,1,141
207,20,9.00000000,1,190
208,20,0.00000000,1,235
209,20,9.00000000,1,255
210,20,3.00000000,1,208
211,20,10.00000000,1,117
212,20,10.00000000,1,140
213,20,9.00000000,1,135
214,20,2.00000000,1,115
215,20,2.00000000,1,208
216,20,1.00000000,1,130
217,20,4.00000000,1,219
218,20,10.00000000,1,70
219,20,8.00000000,1,43
220,21,10.00000000,1,48
221,21,6.00000000,1,112
222,21,7.00000000,1,167
223,21,1.00000000,1,134
224,22,9.00000000,1,170
225,22,10.00000000,1,104
226,22,10.00000000,1,11
227,22,5.00000000,1,252
228,22,3.00000000,1,202
229,22,0.00000000,1,125
230,22,9.00000000,1,137
231,22,8.00000000,1,65
232,22,6.00000000,1,253
233,22,8.00000000,1,79
234,22,2.00000000,1,246
235,22,0.00000000,1,123
236,22,6.00000000,1,153
237,22,9.00000000,1,211
238,22,10.00000000,1,240
239,22,9.00000000,1,58
240,22,9.00000000,1,166
241,22,4.00000000,1,83
242,22,5.00000000,1,11
243,22,4.00000000,1,161
244,22,8.00000000,1,94
245,22,5.00000000,1,236
246,22,6.00000000,1,76
247,22,2.00000000,1,230
248,22,3.00000000,1,180
249,23,5.00000000,1,170
250,23,4.00000000,1,207
251,23,10.00000000,1,176
252,23,4.00000000,1,39
253,24,3.00000000,1,157
254,24,4.00000000,1,77
255,24,4.00000000,1,121
256,24,3.00000000,1,89
257,24,10.00000000,1,124
258,24,5.00000000,1,193
259,24,6.00000000,1,205
260,24,5.00000000,1,135
261,24,5.00000000,1,35
262,24,2.00000000,1,184
263,24,9.00000000,1,135
264,24,6.00000000,1,76
265,24,7.00000000,1,90
266,24,3.00000000,1,78
267,24,6.00000000,1,153
268,24,2.00000000,1,61
269,24,9.00000000,1,96
270,24,3.00000000,1,177
271,24,7.00000000,1,173
272,24,6.00000000,1,65
273,25,7.00000000,1,65
274,25,3.00000000,1,213
275,25,10.00000000,1,228
276,25,8.00000000,1,159
277,25,9.00000000,1,66
278,25,10.00000000,1,38
279,25,7.00000000,1,76
280,25,4.00000000,1,33
281,25,0.00000000,1,147
282,26,8.00000000,1,143
283,26,1.00000000,1,83
284,26,2.00000000,1,67
285,26,10.00000000,1,175
286,26,10.00000000,1,202
287,26,1.00000000,1,213
288,26,5.00000000,1,211
289,26,6.00000000,1,149
290,26,1.00000000,1,90
291,26,4.00000000,1,101
292,26,7.00000000,1,42
293,26,8.00000000,1,7
294,26,7.00000000,1,161
295,27,1.00000000,1,166
296,27,1.00000000,1,201
297,27,10.00000000,1,105
298,27,8.00000000,1,52
299,27,3.00000000,1,44
300,27,0.00000000,1,1
301,27,8.00000000,1,23
302,27,1.00000000,1,198
303,27,8.00000000,1,157
304,27,3.00000000,1,166
305,27,4.00000000,1,11
306,27,8.00000000,1,129
307,27,6.00000000,1,97
308,27,3.00000000,1,104
309,27,5.00000000,1,98
310,27,7.00000000,1,84
311,27,2.00000000,1,231
312,27,9.00000000,1,23
313,27,8.00000000,1,120
314,27,5.00000000,1,146
315,27,8.00000000,1,29
316,27,4.00000000,1,41
317,27,6.00000000,1,114
318,27,0.00000000,1,116
319,27,5.00000000,1,250
320,28,4.00000000,1,184
321,28,4.00000000,1,176
322,28,1.00000000,1,87
323,28,5.00000000,1,223
324,28,2.00000000,1,108
325,28,10.00000000,1,141
326,28,2.00000000,1,217
327,28,6.00000000,1,67
328,28,0.00000000,1,17
329,28,2.00000000,1,165
330,28,5.00000000,1,121
331,28,4.00000000,1,247
332,28,1.00000000,1,21
333,28,2.00000000,1,224
334,28,7.00000000,1,96
335,28,6.00000000,1,110
336,28,3.00000000,1,123
337,28,9.00000000,1,91
338,28,0.00000000,1,138
339,28,10.00000000,1,143
340,28,8.00000000,1,92
341,28,3.00000000,1,229
342,28,9.00000000,1,74
343,29,0.00000000,1,155
344,29,9.00000000,1,64
345,29,7.00000000,1,198
346,29,1.00000000,1,177
347,29,6.00000000,1,48
348,29,2.00000000,1,16
349,29,3.00000000,1,117
350,29,6.00000000,1,3
351,29,0.00000000,1,158
352,29,10.00000000,1,239
353,29,1.00000000,1,80
354,29,0.00000000,1,200
355,29,7.00000000,1,67
356,29,1.00000000,1,40
357,30,5.00000000,1,233
358,30,4.00000000,1,71
359,30,5.00000000,1,129
360,30,5.00000000,1,49
361,30,10.00000000,1,205
362,30,7.00000000,1,158
363,30,9.00000000,1,129
364,30,8.00000000,1,140
365,30,7.00000000,1,16
366,30,8.00000000,1,154
367,31,2.00000000,1,207
368,32,8.00000000,1,80
369,32,10.00000000,1,191
370,32,5.00000000,1,28
371,32,9.00000000,1,3
372,32,9.00000000,1,127
373,32,8.00000000,1,137
374,32,6.00000000,1,185
375,32,1.00000000,1,52
376,32,6.00000000,1,96
377,32,9.00000000,1,229
378,32,10.00000000,1,2
379,32,8.00000000,1,66
380,32,6.00000000,1,13
381,32,1.00000000,1,182
382,32,7.00000000,1,236
383,32,4.00000000,1,184
384,32,7.00000000,1,115
385,33,8.00000000,1,126
386,34,7.00000000,1,216
387,34,4.00000000,1,211
388,34,5.00000000,1,1
389,34,6.00000000,1,80
390,34,1.00000000,1,22
391,34,4.00000000,1,67
392,34,3.00000000,1,131
393,34,3.00000000,1,21
394,34,0.00000000,1,152
395,34,0.00000000,1,44
396,34,5.00000000,1,139
397,34,0.00000000,1,14
398,34,3.00000000,1,188
399,34,9.00000000,1,202
400,34,9.00000000,1,61
401,34,6.00000000,1,148
402,34,2.00000000,1,146
403,34,8.00000000,1,175
404,34,9.00000000,1,181
405,35,3.00000000,1,213
406,35,6.00000000,1,106
407,35,0.00000000,1,252
408,35,0.00000000,1,118
409,35,5.00000000,1,75
410,35,3.00000000,1,107
411,35,6.00000000,1,177
412,35,0.00000000,1,219
413,35,0.00000000,1,90
414,35,8.00000000,1,114
415,35,3.00000000,1,130
416,35,10.00000000,1,113
417,35,5.00000000,1,140
418,35,2.00000000,1,94
419,35,1.00000000,1,78
420,35,2.00000000,1,250
421,35,5.00000000,1,176
422,35,8.00000000,1,116
423,35,5.00000000,1,117
424,35,6.00000000,1,220
425,36,6.00000000,1,70
426,36,10.00000000,1,242
427,36,7.00000000,1,129
428,36,2.00000000,1,127
429,36,3.00000000,1,203
430,36,8.00000000,1,54
431,36,0.00000000,1,73
432,36,2.00000000,1,2
433,36,9.00000000,1,210
434,36,4.00000000,1,26
435,36,9.00000000,1,247
436,36,8.00000000,1,38
437,36,3.00000000,1,64
438,36,6.00000000,1,163
439,36,2.00000000,1,185
440,36,6.00000000,1,136
441,36,2.00000000,1,173
442,36,1.00000000,1,42
443,36,9.00000000,1,178
444,36,8.00000000,1,93
445,37,1.00000000,1,90
446,38,3.00000000,1,119
447,38,2.00000000,1,235
448,38,5.00000000,1,105
449,39,1.00000000,1,108
450,39,3.00000000,1,152
451,39,3.00000000,1,87
452,39,4.00000000,1,135
453,39,6.00000000,1,223
454,39,10.00000000,1,104
455,40,8.00000000,1,213
456,40,2.00000000,1,164
457,40,5.00000000,1,188
458,40,7.00000000,1,95
459,41,5.00000000,1,143
460,41,6.00000000,1,42
461,41,8.00000000,1,20
462,41,3.00000000,1,212
463,41,10.00000000,1,17
464,41,5.00000000,1,24
465,41,7.00000000,1,174
466,41,6.00000000,1,115
467,41,6.00000000,1,96
468,41,0.00000000,1,32
469,41,7.00000000,1,93
470,41,3.00000000,1,47
471,41,6.00000000,1,83
472,41,4.00000000,1,215
473,41,7.00000000,1,89
474,41,6.00000000,1,13
475,41,9.00000000,1,38
476,41,0.00000000,1,85
477,41,7.00000000,1,128
478,42,10.00000000,1,43
479,42,10.00000000,1,55
480,42,1.00000000,1,237
481,43,3.00000000,1,160
482,43,0.00000000,1,78
483,43,5.00000000,1,159
484,43,9.00000000,1,252
485,43,4.00000000,1,54
486,43,3.00000000,1,142
487,43,5.00000000,1,176
488,43,5.00000000,1,191
489,43,8.00000000,1,177
490,43,9.00000000,1,133
491,43,10.00000000,1,18
492,43,10.00000000,1,139
493,44,3.00000000,1,102
494,44,8.00000000,1,163
495,44,0.00000000,1,185
496,44,10.00000000,1,144
497,44,2.00000000,1,50
498,44,5.00000000,1,244
499,44,8.00000000,1,2
500,44,9.00000000,1,224
501,44,1.00000000,1,1
502,44,0.00000000,1,248
503,44,5.00000000,1,144
504,44,5.00000000,1,162
505,44,5.00000000,1,22
506,44,10.00000000,1,8
507,44,2.00000000,1,28
508,44,0.00000000,1,55
509,44,0.00000000,1,55
510,44,4.00000000,1,114
511,44,7.00000000,1,242
512,44,4.00000000,1,204
513,44,3.00000000,1,9
514,45,0.00000000,1,122
515,45,9.00000000,1,237
516,45,0.00000000,1,151
517,45,7.00000000,1,202
518,45,0.00000000,1,2
519,45,3.00000000,1,108
520,45,9.00000000,1,110
521,45,10.00000000,1,176
522,45,1.00000000,1,58
523,45,10.00000000,1,155
524,47,5.00000000,1,64
525,47,9.00000000,1,186
526,47,2.00000000,1,228
527,47,8.00000000,1,192
528,47,7.00000000,1,97
529,47,9.00000000,1,146
530,47,6.00000000,1,200
531,47,0.00000000,1,120
532,47,5.00000000,1,74
533,47,0.00000000,1,195
534,47,8.00000000,1,89
535,47,2.00000000,1,14
536,47,7.00000000,1,10
537,47,0.00000000,1,196
538,47,9.00000000,1,190
539,47,7.00000000,1,227
540,47,2.00000000,1,1
541,47,2.00000000,1,255
542,47,8.00000000,1,178
543,47,4.00000000,1,137
544,47,10.00000000,1,101
545,47,10.00000000,1,81
546,47,1.00000000,1,5
547,47,1.00000000,1,74
548,47,0.00000000,1,190
549,48,3.00000000,1,158
550,48,0.00000000,1,208
551,48,7.00000000,1,254
552,48,2.00000000,1,212
553,48,10.00000000,1,4
554,48,6.00000000,1,237
555,48,5.00000000,1,201
556,48,2.00000000,1,20
557,48,9.00000000,1,63
558,48,0.00000000,1,242
559,48,9.00000000,1,104
560,48,0.00000000,1,173
561,48,8.00000000,1,197
562,48,9.00000000,1,2
563,48,5.00000000,1,18
564,48,1.00000000,1,148
565,48,9.00000000,1,246
566,48,7.00000000,1,175
567,49,4.00000000,1,65
568,49,10.00000000,1,189
569,49,2.00000000,1,161
570,49,9.00000000,1,218
571,49,3.00000000,1,56
572,49,3.00000000,1,253
573,49,6.00000000,1,197
574,49,3.00000000,1,239
575,49,5.00000000,1,229
576,49,5.00000000,1,196
577,49,5.00000000,1,222
578,49,0.00000000,1,156
579,49,5.00000000,1,94
580,49,1.00000000,1,54
581,49,1.00000000,1,190
582,49,3.00000000,1,86
583,50,5.00000000,1,132
584,50,8.00000000,1,84
585,50,5.00000000,1,95
586,50,9.00000000,1,218
587,50,8.00000000,1,197
588,50,6.00000000,1,203
589,50,8.00000000,1,61
590,50,6.00000000,1,243
591,50,8.00000000,1,14
592,50,6.00000000,1,242
593,50,1.00000000,1,244
594,50,8.00000000,1,143
595,50,5.00000000,1,24
596,50,10.00000000,1,79
597,50,5.00000000,1,63
598,50,0.00000000,1,71
599,50,1.00000000,1,66
600,50,7.00000000,1,46
601,50,5.00000000,1,190
602,50,4.00000000,1,182
603,50,4.00000000,1,12
604,50,7.00000000,1,28
605,50,9.00000000,1,116
606,50,4.00000000,1,254
607,50,1.00000000,1,157
608,51,0.00000000,1,147
609,51,9.00000000,1,167
610,51,8.00000000,1,179
611,51,3.00000000,1,2
612,51,3.00000000,1,4
613,51,8.00000000,1,182
614,51,4.00000000,1,34
615,51,7.00000000,1,228
616,51,8.00000000,1,221
617,51,10.00000000,1,123
618,51,8.00000000,1,61
619,51,2.00000000,1,92
620,51,6.00000000,1,196
621,51,5.00000000,1,188
622,52,5.00000000,1,255
623,52,3.00000000,1,204
624,52,1.00000000,1,19
625,52,4.00000000,1,169
626,52,10.00000000,1,17
627,52,10.00000000,1,173
628,52,6.00000000,1,65
629,52,4.00000000,1,146
630,52,0.00000000,1,63
631,52,5.00000000,1,245
632,52,7.00000000,1,174
633,52,9.00000000,1,169
634,52,3.00000000,1,43
635,52,0.00000000,1,81
636,52,6.00000000,1,128
637,52,8.00000000,1,46
638,52,7.00000000,1,26
639,52,8.00000000,1,53
640,52,9.00000000,1,190
641,52,2.00000000,1,101
642,53,4.00000000,1,189
643,53,7.00000000,1,179
644,53,6.00000000,1,201
645,53,4.00000000,1,10
646,53,3.00000000,1,22
647,53,5.00000000,1,246
648,53,1.00000000,1,134
649,53,3.00000000,1,19
650,53,4.00000000,1,45
651,54,3.00000000,1,38
652,54,6.00000000,1,162
653,54,9.00000000,1,216
654,54,5.00000000,1,209
655,54,6.00000000,1,175
656,54,4.00000000,1,33
657,54,6.00000000,1,89
658,54,3.00000000,1,222
659,54,1.00000000,1,166
660,54,4.00000000,1,101
661,54,6.00000000,1,244
662,54,9.00000000,1,33
663,54,10.00000000,1,221
664,54,0.00000000,1,162
665,54,0.00000000,1,153
666,54,0.00000000,1,18
667,55,3.00000000,1,52
668,55,1.00000000,1,32
669,55,10.00000000,1,199
670,55,1.00000000,1,79
671,55,5.00000000,1,132
672,55,4.00000000,1,160
673,55,4.00000000,1,105
674,55,8.00000000,1,34
675,55,9.00000000,1,36
676,55,9.00000000,1,24
677,56,10.00000000,1,192
678,56,6.00000000,1,203
679,56,1.00000000,1,255
680,56,7.00000000,1,189
681,56,2.00000000,1,100
682,56,7.00000000,1,51
683,57,4.00000000,1,217
684,57,10.00000000,1,64
685,57,1.00000000,1,6
686,57,4.00000000,1,55
687,57,6.00000000,1,50
688,57,7.00000000,1,32
689,57,8.00000000,1,175
690,57,2.00000000,1,253
691,59,4.00000000,1,49
692,59,9.00000000,1,179
693,59,3.00000000,1,218
694,59,2.00000000,1,9
695,60,6.00000000,1,52
696,60,5.00000000,1,119
697,60,8.00000000,1,154
698,60,7.00000000,1,74
699,60,4.00000000,1,251
700,60,8.00000000,1,73
701,60,3.00000000,1,84
702,60,3.00000000,1,2
703,60,4.00000000,1,78
704,60,5.00000000,1,10
705,60,1.00000000,1,194
706,60,6.00000000,1,159
707,60,8.00000000,1,124
708,60,3.00000000,1,140
709,60,0.00000000,1,63
710,60,1.00000000,1,77
711,60,3.00000000,1,10
712,62,5.00000000,1,154
713,62,7.00000000,1,75
714,62,9.00000000,1,48
715,62,7.00000000,1,187
716,62,0.00000000,1,148
717,62,2.00000000,1,108
718,62,4.00000000,1,90
719,62,1.00000000,1,46
720,62,1.00000000,1,100
721,62,3.00000000,1,152
722,63,2.00000000,1,72
723,63,10.00000000,1,152
724,63,2.00000000,1,72
725,63,0.00000000,1,189
726,63,10.00000000,1,222
727,63,4.00000000,1,194
728,63,1.00000000,1,195
729,63,9.00000000,1,73
730,63,3.00000000,1,199
731,63,3.00000000,1,188
732,63,5.00000000,1,194
733,63,0.00000000,1,226
734,64,2.00000000,1,183
735,64,3.00000000,1,17
736,64,3.00000000,1,118
737,64,10.00000000,1,105
738,64,0.00000000,1,8
739,64,1.00000000,1,21
740,64,1.00000000,1,28
741,64,1.00000000,1,233
742,64,6.00000000,1,184
743,64,0.00000000,1,183
744,65,8.00000000,1,92
745,65,10.00000000,1,234
746,65,7.00000000,1,62
747,65,10.00000000,1,149
748,66,6.00000000,1,242
749,66,10.00000000,1,109
750,66,3.00000000,1,210
751,66,3.00000000,1,131
752,66,6.00000000,1,69
753,66,4.00000000,1,160
754,66,4.00000000,1,236
755,66,8.00000000,1,15
756,66,4.00000000,1,2
757,66,1.00000000,1,143
758,66,4.00000000,1,228
759,66,5.00000000,1,249
760,66,10.00000000,1,209
761,66,2.00000000,1,34
762,66,5.00000000,1,238
763,66,3.00000000,1,3
764,67,0.00000000,1,170
765,68,0.00000000,1,174
766,68,5.00000000,1,5
767,68,1.00000000,1,198
768,68,9.00000000,1,127
769,68,10.00000000,1,192
770,68,9.00000000,1,106
771,68,8.00000000,1,66
772,68,9.00000000,1,63
773,68,0.00000000,1,49
774,68,4.00000000,1,177
775,68,10.00000000,1,119
776,68,10.00000000,1,144
777,68,8.00000000,1,4
778,68,7.00000000,1,237
779,68,5.00000000,1,18
780,68,4.00000000,1,127
781,68,9.00000000,1,174
782,68,7.00000000,1,69
783,68,7.00000000,1,116
784,68,2.00000000,1,109
785,68,3.00000000,1,154
786,69,7.00000000,1,90
787,70,2.00000000,1,144
788,70,2.00000000,1,165
789,70,9.00000000,1,75
790,70,5.00000000,1,142
791,70,3.00000000,1,112
792,70,6.00000000,1,163
793,70,2.00000000,1,42
794,70,9.00000000,1,10
795,70,2.00000000,1,107
796,70,10.00000000,1,217
797,70,3.00000000,1,139
798,70,4.00000000,1,214
799,70,6.00000000,1,50
800,71,10.00000000,1,119
801,72,2.00000000,1,84
802,72,2.00000000,1,73
803,72,4.00000000,1,73
804,72,10.00000000,1,14
805,72,8.00000000,1,157
806,72,4.00000000,1,139
807,72,8.00000000,1,211
808,72,10.00000000,1,4
809,72,0.00000000,1,253
810,72,3.00000000,1,164
811,72,6.00000000,1,55
812,72,5.00000000,1,31
813,72,2.00000000,1,116
814,72,3.00000000,1,149
815,72,9.00000000,1,125
816,72,7.00000000,1,186
817,72,2.00000000,1,54
818,72,6.00000000,1,52
819,72,5.00000000,1,35
820,72,10.00000000,1,68
821,72,0.00000000,1,44
822,72,4.00000000,1,169
823,72,10.00000000,1,157
824,72,4.00000000,1,193
825,72,0.00000000,1,113
826,73,5.00000000,1,100
827,73,1.00000000,1,242
828,73,2.00000000,1,65
829,73,8.00000000,1,70
830,73,10.00000000,1,9
831,73,1.00000000,1,255
832,73,0.00000000,1,230
833,73,3.00000000,1,197
834,73,10.00000000,1,197
835,73,0.00000000,1,252
836,73,5.00000000,1,99
837,73,9.00000000,1,132
838,74,7.00000000,1,8
839,74,9.00000000,1,170
840,74,10.00000000,1,240
841,74,7.00000000,1,28
842,74,7.00000000,1,173
843,74,4.00000000,1,79
844,74,10.00000000,1,133
845,74,4.00000000,1,88
846,74,6.00000000,1,213
847,74,3.00000000,1,30
848,74,4.00000000,1,86
849,74,1.00000000,1,187
850,74,2.00000000,1,159
851,74,7.00000000,1,37
852,74,3.00000000,1,235
853,74,0.00000000,1,13
854,74,3.00000000,1,29
855,74,1.00000000,1,7
856,74,5.00000000,1,1
857,74,10.00000000,1,236
858,74,4.00000000,1,213
859,74,1.00000000,1,124
860,74,10.00000000,1,8
861,74,10.00000000,1,72
862,74,9.00000000,1,65
863,75,5.00000000,1,20
864,75,2.00000000,1,145
865,75,2.00000000,1,179
866,75,3.00000000,1,47
867,75,5.00000000,1,144
868,75,8.00000000,1,133
869,75,5.00000000,1,183
870,75,7.00000000,1,29
871,75,0.00000000,1,47
872,75,9.00000000,1,98
873,75,6.00000000,1,211
874,75,8.00000000,1,16
875,76,3.00000000,1,231
876,76,4.00000000,1,247
877,76,1.00000000,1,226
878,76,1.00000000,1,225
879,76,2.00000000,1,207
880,77,4.00000000,1,202
881,77,6.00000000,1,44
882,77,3.00000000,1,226
883,77,5.00000000,1,96
884,77,5.00000000,1,44
885,78,10.00000000,1,60
886,78,1.00000000,1,250
887,78,3.00000000,1,153
888,78,6.00000000,1,39
889,78,3.00000000,1,104
890,78,8.00000000,1,171
891,78,4.00000000,1,45
892,79,1.00000000,1,16
893,81,1.00000000,1,241
894,82,7.00000000,1,191
895,82,5.00000000,1,211
896,82,3.00000000,1,21
897,82,8.00000000,1,192
898,82,0.00000000,1,162
899,82,1.00000000,1,165
900,82,2.00000000,1,242
901,82,10.00000000,1,7
902,82,5.00000000,1,97
903,82,2.00000000,1,183
904,82,10.00000000,1,219
905,82,8.00000000,1,177
906,82,2.00000000,1,229
907,82,8.00000000,1,68
908,83,4.00000000,1,29
909,83,7.00000000,1,130
910,83,2.00000000,1,115
911,83,4.00000000,1,198
912,83,10.00000000,1,212
913,83,5.00000000,1,61
914,83,6.00000000,1,176
915,83,1.00000000,1,6
916,83,10.00000000,1,55
917,84,9.00000000,1,6
918,84,6.00000000,1,75
919,84,10.00000000,1,255
920,84,4.00000000,1,76
921,84,4.00000000,1,87
922,84,2.00000000,1,37
923,84,5.00000000,1,215
924,84,6.00000000,1,147
925,84,1.00000000,1,203
926,84,5.00000000,1,206
927,84,4.00000000,1,191
928,85,10.00000000,1,40
929,85,10.00000000,1,67
930,85,3.00000000,1,198
931,85,1.00000000,1,21
932,85,4.00000000,1,161
933,85,7.00000000,1,247
934,85,1.00000000,1,62
935,85,7.00000000,1,177
936,85,1.00000000,1,217
937,85,5.00000000,1,138
938,85,2.00000000,1,252
939,85,7.00000000,1,115
940,85,3.00000000,1,80
941,85,4.00000000,1,131
942,85,9.00000000,1,180
943,85,10.00000000,1,163
944,85,4.00000000,1,140
945,86,0.00000000,1,117
946,86,1.00000000,1,41
947,86,4.00000000,1,13
948,86,0.00000000,1,178
949,86,7.00000000,1,101
950,87,3.00000000,1,223
951,87,5.00000000,1,119
952,87,0.00000000,1,34
953,87,2.00000000,1,170
954,87,5.00000000,1,110
955,87,1.00000000,1,195
956,87,1.00000000,1,58
957,87,0.00000000,1,18
958,87,8.00000000,1,114
959,87,5.00000000,1,15
960,87,10.00000000,1,110
961,87,9.00000000,1,237
962,87,8.00000000,1,37
963,87,2.00000000,1,114
964,88,9.00000000,1,123
965,88,3.00000000,1,117
966,88,7.00000000,1,118
967,88,7.00000000,1,202
968,88,1.00000000,1,231
969,88,4.00000000,1,209
970,88,5.00000000,1,184
971,88,10.00000000,1,113
972,88,4.00000000,1,176
973,88,5.00000000,1,53
974,88,2.00000000,1,78
975,88,7.00000000,1,80
976,88,2.00000000,1,248
977,88,6.00000000,1,222
978,88,6.00000000,1,85
979,88,8.00000000,1,108
980,88,1.00000000,1,247
981,88,3.00000000,1,187
982,88,6.00000000,1,61
983,88,10.00000000,1,193
984,88,7.00000000,1,119
985,88,0.00000000,1,241
986,89,0.00000000,1,11
987,89,4.00000000,1,141
988,89,2.00000000,1,104
989,89,3.00000000,1,228
990,89,9.00000000,1,19
991,89,7.00000000,1,170
992,89,5.00000000,1,166
993,89,2.00000000,1,23
994,89,6.00000000,1,162
995,89,5.00000000,1,32
996,89,2.00000000,1,157
997,89,5.00000000,1,2
998,89,6.00000000,1,45
999,89,0.00000000,1,167
1000,89,0.00000000,1,47
1001,90,1.00000000,1,47
1002,90,7.00000000,1,251
1003,90,7.00000000,1,174
1004,90,2.00000000,1,87
1005,90,7.00000000,1,229
1006,90,3.00000000,1,210
1007,90,1.00000000,1,30
1008,90,1.00000000,1,37
1009,90,0.00000000,1,18
1010,90,4.00000000,1,255
1011,90,9.00000000,1,2
1012,90,7.00000000,1,181
1013,90,9.00000000,1,3
1014,90,6.00000000,1,53
1015,90,7.00000000,1,154
1016,90,10.00000000,1,61
1017,90,2.00000000,1,136
1018,90,6.00000000,1,202
1019,90,9.00000000,1,231
1020,90,0.00000000,1,210
1021,90,3.00000000,1,118
1022,90,8.00000000,1,53
1023,91,9.00000000,1,103
1024,91,5.00000000,1,195
1025,91,10.00000000,1,232
1026,91,1.00000000,1,156
1027,91,7.00000000,1,85
1028,91,5.00000000,1,169
1029,91,4.00000000,1,133
1030,91,9.00000000,1,7
1031,91,5.00000000,1,38
1032,91,9.00000000,1,139
1033,91,7.00000000,1,74
1034,91,8.00000000,1,96
1035,91,1.00000000,1,34
1036,91,7.00000000,1,242
1037,91,0.00000000,1,8
1038,91,9.00000000,1,11
1039,92,7.00000000,1,39
1040,92,2.00000000,1,107
1041,92,0.00000000,1,108
1042,92,0.00000000,1,179
1043,92,3.00000000,1,227
1044,92,2.00000000,1,31
1045,92,2.00000000,1,191
1046,92,4.00000000,1,149
1047,92,7.00000000,1,66
1048,92,2.00000000,1,124
1049,92,10.00000000,1,46
1050,92,0.00000000,1,209
1051,92,7.00000000,1,125
1052,93,7.00000000,1,142
1053,93,5.00000000,1,226
1054,93,4.00000000,1,155
1055,93,4.00000000,1,130
1056,93,6.00000000,1,218
1057,93,0.00000000,1,48
1058,93,2.00000000,1,223
1059,93,4.00000000,1,171
1060,93,3.00000000,1,18
1061,93,10.00000000,1,70
1062,93,1.00000000,1,247
1063,93,0.00000000,1,73
1064,93,5.00000000,1,178
1065,93,4.00000000,1,148
1066,93,7.00000000,1,202
1067,94,0.00000000,1,55
1068,94,2.00000000,1,217
1069,94,4.00000000,1,169
1070,94,8.00000000,1,110
1071,94,9.00000000,1,41
1072,94,2.00000000,1,112
1073,94,8.00000000,1,191
1074,94,6.00000000,1,61
1075,94,4.00000000,1,201
1076,94,9.00000000,1,74
1077,94,0.00000000,1,146
1078,94,3.00000000,1,92
1079,94,8.00000000,1,38
1080,94,5.00000000,1,251
1081,94,1.00000000,1,101
1082,94,4.00000000,1,35
1083,94,6.00000000,1,87
1084,94,4.00000000,1,62
1085,94,6.00000000,1,191
1086,94,3.00000000,1,79
1087,94,2.00000000,1,243
1088,95,6.00000000,1,27
1089,95,5.00000000,1,122
1090,95,10.00000000,1,72
1091,95,8.00000000,1,20
1092,95,0.00000000,1,164
1093,95,0.00000000,1,224
1094,95,6.00000000,1,234
1095,95,7.00000000,1,23
1096,95,4.00000000,1,174
1097,95,5.00000000,1,147
1098,95,1.00000000,1,67
1099,95,3.00000000,1,214
1100,95,3.00000000,1,220
1101,95,0.00000000,1,78
1102,95,3.00000000,1,241
1103,95,1.00000000,1,216
1104,95,0.00000000,1,229
1105,95,3.00000000,1,130
1106,96,5.00000000,1,65
1107,96,0.00000000,1,20
1108,96,1.00000000,1,209
1109,96,4.00000000,1,202
1110,96,3.00000000,1,199
1111,96,7.00000000,1,112
1112,96,9.00000000,1,228
1113,96,8.00000000,1,7
1114,96,3.00000000,1,84
1115,96,1.00000000,1,58
1116,96,7.00000000,1,65
1117,96,2.00000000,1,148
1118,96,10.00000000,1,163
1119,96,10.00000000,1,241
1120,96,3.00000000,1,85
1121,96,2.00000000,1,50
1122,96,6.00000000,1,110
1123,96,7.00000000,1,53
1124,96,10.00000000,1,206
1125,96,10.00000000,1,5
1126,96,2.00000000,1,247
1127,96,7.00000000,1,77
1128,96,0.00000000,1,31
1129,97,10.00000000,1,109
1130,97,3.00000000,1,69
1131,97,7.00000000,1,139
1132,97,10.00000000,1,145
1133,97,1.00000000,1,57
1134,97,1.00000000,1,147
1135,97,6.00000000,1,138
1136,97,1.00000000,1,175
1137,97,4.00000000,1,163
1138,97,4.00000000,1,191
1139,97,9.00000000,1,216
1140,97,8.00000000,1,90
1141,97,8.00000000,1,18
1142,97,7.00000000,1,86
1143,97,7.00000000,1,116
1144,97,6.00000000,1,139
1145,97,9.00000000,1,62
1146,97,10.00000000,1,218
1147,97,1.00000000,1,241
1148,97,2.00000000,1,111
1149,97,10.00000000,1,180
1150,98,3.00000000,1,42
1151,98,4.00000000,1,58
1152,98,2.00000000,1,51
1153,98,7.00000000,1,243
1154,98,8.00000000,1,120
1155,98,3.00000000,1,73
1156,98,0.00000000,1,137
1157,98,9.00000000,1,97
1158,98,9.00000000,1,215
1159,98,4.00000000,1,84
1160,98,1.00000000,1,104
1161,98,8.00000000,1,133
1162,98,5.00000000,1,207
1163,98,10.00000000,1,51
1164,98,1.00000000,1,92
1165,98,10.00000000,1,74
1166,98,7.00000000,1,144
1167,98,6.00000000,1,127
1168,98,9.00000000,1,211
1169,98,1.00000000,1,155
1170,98,4.00000000,1,105
1171,98,4.00000000,1,23
1172,98,4.00000000,1,163
1173,98,3.00000000,1,234
1174,99,9.00000000,1,169
1175,99,8.00000000,1,64
1176,99,1.00000000,1,64
1177,99,3.00000000,1,233
1178,99,6.00000000,1,63
1179,99,7.00000000,1,72
1180,99,8.00000000,1,64
1181,99,0.00000000,1,106
1182,99,8.00000000,1,102
1183,99,5.00000000,1,51
1184,99,6.00000000,1,68
1185,99,1.00000000,1,90
1186,99,10.00000000,1,250
1187,99,2.00000000,1,181
1188,100,7.00000000,1,225
1189,100,1.00000000,1,40
1190,100,1.00000000,1,148
1191,100,9.00000000,1,26
1192,100,3.00000000,1,199
1193,100,9.00000000,1,44
1194,100,2.00000000,1,26
1195,100,8.00000000,1,51
1196,100,7.00000000,1,34
1197,100,3.00000000,1,117
1198,100,9.00000000,1,115
1199,100,10.00000000,1,94
1200,100,3.00000000,1,254
1201,100,1.00000000,1,117
1202,100,0.00000000,1,158
1203,102,0.00000000,1,237
1204,102,8.00000000,1,64
1205,102,2.00000000,1,92
1206,102,10.00000000,1,153
1207,102,10.00000000,1,131
1208,102,9.00000000,1,17
1209,102,10.00000000,1,181
1210,102,6.00000000,1,189
1211,103,1.00000000,1,127
1212,103,4.00000000,1,46
1213,103,4.00000000,1,147
1214,103,2.00000000,1,206
1215,103,4.00000000,1,177
1216,103,0.00000000,1,86
1217,103,4.00000000,1,132
1218,103,1.00000000,1,80
1219,103,1.00000000,1,145
1220,103,7.00000000,1,33
1221,103,4.00000000,1,5
1222,103,4.00000000,1,237
1223,103,1.00000000,1,177
1224,103,2.00000000,1,181
1225,103,8.00000000,1,83
1226,103,7.00000000,1,194
1227,103,3.00000000,1,23
1228,103,8.00000000,1,71
1229,103,5.00000000,1,93
1230,103,6.00000000,1,66
1231,103,5.00000000,1,189
1232,103,5.00000000,1,163
1233,103,1.00000000,1,72
1234,103,7.00000000,1,176
1235,104,7.00000000,1,214
1236,104,1.00000000,1,3
1237,104,4.00000000,1,237
1238,104,3.00000000,1,121
1239,104,6.00000000,1,206
1240,104,0.00000000,1,0
1241,104,7.00000000,1,19
1242,104,10.00000000,1,33
1243,104,5.00000000,1,167
1244,104,3.00000000,1,71
1245,104,2.00000000,1,125
1246,104,9.00000000,1,25
1247,104,1.00000000,1,130
1248,105,3.00000000,1,172
1249,105,3.00000000,1,33
1250,105,10.00000000,1,169
1251,105,9.00000000,1,128
1252,105,7.00000000,1,53
1253,106,7.00000000,1,4
1254,106,3.00000000,1,119
1255,106,3.00000000,1,1
1256,106,6.00000000,1,176
1257,106,9.00000000,1,3
1258,106,5.00000000,1,9
1259,106,4.00000000,1,107
1260,106,8.00000000,1,248
1261,106,7.00000000,1,111
1262,106,0.00000000,1,140
1263,106,4.00000000,1,177
1264,106,2.00000000,1,160
1265,106,10.00000000,1,22
1266,106,9.00000000,1,84
1267,106,5.00000000,1,213
1268,106,4.00000000,1,190
1269,106,3.00000000,1,206
1270,106,7.00000000,1,220
1271,106,4.00000000,1,30
1272,106,8.00000000,1,205
1273,106,3.00000000,1,240
1274,107,2.00000000,1,196
1275,107,7.00000000,1,135
1276,107,1.00000000,1,181
1277,107,6.00000000,1,192
1278,107,1.00000000,1,106
1279,107,1.00000000,1,109
1280,107,0.00000000,1,86
1281,107,2.00000000,1,62
1282,107,8.00000000,1,70
1283,107,9.00000000,1,5
1284,107,3.00000000,1,69
1285,107,2.00000000,1,190
1286,107,2.00000000,1,188
1287,107,9.00000000,1,205
1288,107,5.00000000,1,222
1289,107,5.00000000,1,134
1290,107,7.00000000,1,67
1291,108,4.00000000,1,136
1292,108,2.00000000,1,252
1293,109,7.00000000,1,230
1294,109,1.00000000,1,219
1295,109,6.00000000,1,170
1296,109,2.00000000,1,75
1297,110,1.00000000,1,17
1298,110,5.00000000,1,74
1299,110,8.00000000,1,193
1300,110,5.00000000,1,122
1301,110,1.00000000,1,77
1302,110,5.00000000,1,44
1303,110,6.00000000,1,133
1304,110,7.00000000,1,212
1305,110,10.00000000,1,158
1306,110,7.00000000,1,108
1307,110,9.00000000,1,132
1308,110,10.00000000,1,106
1309,111,4.00000000,1,7
1310,111,10.00000000,1,46
1311,111,6.00000000,1,144
1312,111,9.00000000,1,180
1313,111,4.00000000,1,183
1314,111,5.00000000,1,50
1315,111,7.00000000,1,12
1316,111,6.00000000,1,71
1317,111,1.00000000,1,199
1318,112,8.00000000,1,126
1319,112,7.00000000,1,254
1320,112,5.00000000,1,204
1321,112,9.00000000,1,68
1322,112,3.00000000,1,24
1323,112,2.00000000,1,164
1324,112,7.00000000,1,205
1325,113,1.00000000,1,171
1326,113,3.00000000,1,20
1327,113,9.00000000,1,93
1328,113,2.00000000,1,217
1329,113,9.00000000,1,244
1330,113,1.00000000,1,33
1331,113,0.00000000,1,42
1332,113,10.00000000,1,16
1333,113,1.00000000,1,222
1334,113,0.00000000,1,24
1335,113,3.00000000,1,182
1336,113,9.00000000,1,191
1337,113,4.00000000,1,8
1338,114,5.00000000,1,174
1339,114,3.00000000,1,250
1340,114,5.00000000,1,237
1341,114,1.00000000,1,110
1342,114,1.00000000,1,60
1343,114,10.00000000,1,46
1344,114,8.00000000,1,186
1345,114,9.00000000,1,115
1346,114,10.00000000,1,145
1347,114,5.00000000,1,211
1348,114,7.00000000,1,42
1349,114,9.00000000,1,21
1350,114,1.00000000,1,157
1351,114,1.00000000,1,68
1352,114,8.00000000,1,108
1353,114,8.00000000,1,2
1354,114,2.00000000,1,112
1355,115,4.00000000,1,82
1356,115,0.00000000,1,176
1357,115,7.00000000,1,250
1358,115,5.00000000,1,253
1359,115,5.00000000,1,85
1360,115,9.00000000,1,250
1361,115,8.00000000,1,79
1362,115,4.00000000,1,148
1363,115,8.00000000,1,225
1364,115,9.00000000,1,29
1365,115,3.00000000,1,144
1366,115,1.00000000,1,242
1367,115,6.00000000,1,54
1368,115,7.00000000,1,91
1369,115,3.00000000,1,4
1370,115,8.00000000,1,178
1371,115,4.00000000,1,200
1372,115,2.00000000,1,200
1373,115,5.00000000,1,108
1374,115,10.00000000,1,132
1375,115,2.00000000,1,191
1376,116,0.00000000,1,105
1377,116,5.00000000,1,80
1378,116,4.00000000,1,40
1379,116,6.00000000,1,219
1380,116,7.00000000,1,146
1381,116,2.00000000,1,84
1382,116,8.00000000,1,150
1383,116,4.00000000,1,64
1384,116,10.00000000,1,250
1385,116,7.00000000,1,189
1386,116,1.00000000,1,243
1387,116,4.00000000,1,183
1388,116,4.00000000,1,243
1389,116,1.00000000,1,95
1390,116,8.00000000,1,194
1391,116,10.00000000,1,217
1392,116,0.00000000,1,208
1393,116,7.00000000,1,53
1394,116,0.00000000,1,202
1395,117,10.00000000,1,48
1396,117,4.00000000,1,116
1397,117,3.00000000,1,5
1398,117,8.00000000,1,61
1399,117,7.00000000,1,201
1400,117,1.00000000,1,91
1401,117,0.00000000,1,9
1402,117,8.00000000,1,110
1403,117,2.00000000,1,9
1404,117,7.00000000,1,118
1405,117,4.00000000,1,103
1406,118,6.00000000,1,13
1407,118,6.00000000,1,94
1408,118,1.00000000,1,255
1409,118,9.00000000,1,240
1410,118,8.00000000,1,145
1411,118,10.00000000,1,53
1412,118,3.00000000,1,100
1413,118,2.00000000,1,2
1414,118,6.00000000,1,0
1415,118,9.00000000,1,65
1416,118,0.00000000,1,202
1417,118,7.00000000,1,137
1418,118,6.00000000,1,48
1419,118,7.00000000,1,242
1420,118,10.00000000,1,39
1421,118,1.00000000,1,39
1422,118,7.00000000,1,215
1423,118,8.00000000,1,188
1424,118,1.00000000,1,148
1425,119,8.00000000,1,94
1426,119,6.00000000,1,86
1427,119,6.00000000,1,6
1428,119,7.00000000,1,48
1429,119,10.00000000,1,22
1430,119,5.00000000,1,146
1431,119,0.00000000,1,231
1432,119,10.00000000,1,63
1433,119,6.00000000,1,237
1434,119,10.00000000,1,238
1435,119,4.00000000,1,61
1436,119,9.00000000,1,241
1437,119,8.00000000,1,76
1438,119,8.00000000,1,22
1439,119,3.00000000,1,250
1440,119,5.00000000,1,203
1441,119,4.00000000,1,207
1442,119,5.00000000,1,133
1443,120,6.00000000,1,11
1444,120,1.00000000,1,201
1445,120,7.00000000,1,237
1446,120,10.00000000,1,22
1447,120,4.00000000,1,215
1448,120,1.00000000,1,33
1449,120,10.00000000,1,189
1450,120,1.00000000,1,167
1451,120,1.00000000,1,86
1452,120,4.00000000,1,54
1453,120,3.00000000,1,209
1454,120,4.00000000,1,135
1455,120,7.00000000,1,196
1456,120,8.00000000,1,13
1457,120,7.00000000,1,101
1458,120,5.00000000,1,206
1459,121,10.00000000,1,177
1460,121,8.00000000,1,0
1461,121,2.00000000,1,246
1462,121,3.00000000,1,232
1463,121,2.00000000,1,148
1464,121,9.00000000,1,134
1465,121,5.00000000,1,183
1466,121,6.00000000,1,1
1467,121,4.00000000,1,99
1468,121,7.00000000,1,37
1469,121,10.00000000,1,91
1470,121,4.00000000,1,98
1471,122,3.00000000,1,213
1472,122,4.00000000,1,8
1473,122,1.00000000,1,239
1474,122,5.00000000,1,139
1475,122,3.00000000,1,41
1476,122,2.00000000,1,70
1477,122,2.00000000,1,185
1478,122,0.00000000,1,36
1479,122,9.00000000,1,252
1480,122,4.00000000,1,158
1481,123,7.00000000,1,183
1482,123,10.00000000,1,199
1483,123,3.00000000,1,209
1484,123,1.00000000,1,2
1485,123,5.00000000,1,125
1486,123,6.00000000,1,83
1487,123,10.00000000,1,0
1488,123,3.00000000,1,221
1489,124,4.00000000,1,160
1490,124,6.00000000,1,24
1491,124,8.00000000,1,95
1492,124,3.00000000,1,28
1493,124,0.00000000,1,39
1494,124,0.00000000,1,230
1495,124,3.00000000,1,50
1496,124,10.00000000,1,168
1497,124,3.00000000,1,93
1498,124,2.00000000,1,72
1499,124,8.00000000,1,220
1500,125,8.00000000,1,144
1501,125,10.00000000,1,168
1502,125,5.00000000,1,202
1503,125,8.00000000,1,46
1504,125,9.00000000,1,237
1505,125,3.00000000,1,36
1506,125,9.00000000,1,75
1507,125,9.00000000,1,28
1508,125,8.00000000,1,178
1509,125,1.00000000,1,218
1510,125,5.00000000,1,167
1511,125,3.00000000,1,185
1512,125,9.00000000,1,239
1513,125,10.00000000,1,75
1514,125,4.00000000,1,84
1515,126,0.00000000,1,182
1516,126,1.00000000,1,147
1517,126,1.00000000,1,154
1518,126,7.00000000,1,185
1519,126,4.00000000,1,74
1520,126,7.00000000,1,252
1521,126,1.00000000,1,56
1522,126,10.00000000,1,115
1523,126,8.00000000,1,76
1524,126,9.00000000,1,109
1525,126,9.00000000,1,124
1526,126,9.00000000,1,169
1527,126,1.00000000,1,157
1528,126,1.00000000,1,202
1529,126,7.00000000,1,120
1530,126,5.00000000,1,5
1531,126,0.00000000,1,33
1532,126,4.00000000,1,29
1533,126,9.00000000,1,132
1534,126,5.00000000,1,145
1535,126,2.00000000,1,65
1536,126,1.00000000,1,20
1537,127,3.00000000,1,249
1538,127,10.00000000,1,92
1539,127,9.00000000,1,112
1540,127,4.00000000,1,214
1541,127,9.00000000,1,22
1542,127,9.00000000,1,18
1543,127,10.00000000,1,196
1544,127,9.00000000,1,87
1545,127,0.00000000,1,151
1546,127,2.00000000,1,73
1547,127,2.00000000,1,243
1548,127,4.00000000,1,14
1549,127,3.00000000,1,199
1550,127,8.00000000,1,176
1551,127,4.00000000,1,18
1552,127,6.00000000,1,194
1553,127,10.00000000,1,166
1554,127,0.00000000,1,71
1555,127,10.00000000,1,44
1556,127,7.00000000,1,207
1557,127,8.00000000,1,104
1558,127,2.00000000,1,227
1559,128,1.00000000,1,254
1560,128,5.00000000,1,179
1561,128,5.00000000,1,138
1562,128,3.00000000,1,205
1563,128,3.00000000,1,61
1564,128,8.00000000,1,71
1565,128,7.00000000,1,28
1566,128,3.00000000,1,99
1567,128,4.00000000,1,156
1568,128,1.00000000,1,105
1569,128,6.00000000,1,91
1570,128,6.00000000,1,247
1571,128,10.00000000,1,14
1572,128,8.00000000,1,153
1573,129,10.00000000,1,45
1574,129,4.00000000,1,119
1575,129,10.00000000,1,42
1576,129,1.00000000,1,220
1577,129,7.00000000,1,94
1578,129,5.00000000,1,166
1579,129,8.00000000,1,34
1580,129,3.00000000,1,152
1581,129,7.00000000,1,246
1582,129,0.00000000,1,198
1583,129,4.00000000,1,33
1584,129,0.00000000,1,85
1585,129,9.00000000,1,152
1586,129,4.00000000,1,130
1587,129,3.00000000,1,33
1588,129,9.00000000,1,229
1589,129,10.00000000,1,184
1590,129,4.00000000,1,247
1591,129,7.00000000,1,50
1592,129,0.00000000,1,211
1593,129,10.00000000,1,32
1594,129,8.00000000,1,57
1595,130,10.00000000,1,252
1596,130,6.00000000,1,43
1597,131,2.00000000,1,205
1598,131,9.00000000,1,37
1599,132,2.00000000,1,229
1600,132,8.00000000,1,83
1601,132,2.00000000,1,220
1602,132,1.00000000,1,252
1603,132,0.00000000,1,108
1604,132,6.00000000,1,158
1605,132,2.00000000,1,33
1606,132,6.00000000,1,59
1607,132,1.00000000,1,58
1608,132,8.00000000,1,64
1609,132,2.00000000,1,163
1610,132,8.00000000,1,21
1611,132,2.00000000,1,40
1612,132,0.00000000,1,243
1613,132,4.00000000,1,227
1614,132,8.00000000,1,246
1615,132,10.00000000,1,246
1616,133,10.00000000,1,141
1617,133,7.00000000,1,211
1618,133,10.00000000,1,188
1619,133,6.00000000,1,177
1620,133,9.00000000,1,110
1621,133,2.00000000,1,232
1622,133,5.00000000,1,17
1623,133,6.00000000,1,254
1624,133,0.00000000,1,252
1625,133,0.00000000,1,153
1626,133,2.00000000,1,176
1627,133,9.00000000,1,232
1628,133,8.00000000,1,93
1629,133,7.00000000,1,63
1630,133,2.00000000,1,168
1631,134,3.00000000,1,190
1632,134,9.00000000,1,43
1633,134,1.00000000,1,226
1634,135,8.00000000,1,174
1635,135,0.00000000,1,116
1636,135,2.00000000,1,37
1637,135,10.00000000,1,105
1638,135,2.00000000,1,168
1639,135,10.00000000,1,59
1640,135,9.00000000,1,249
1641,135,4.00000000,1,87
1642,135,10.00000000,1,125
1643,135,8.00000000,1,246
1644,135,6.00000000,1,228
1645,135,4.00000000,1,231
1646,135,6.00000000,1,13
1647,135,10.00000000,1,142
1648,135,7.00000000,1,35
1649,135,1.00000000,1,45
1650,135,2.00000000,1,13
1651,135,10.00000000,1,98
1652,135,2.00000000,1,5
1653,135,3.00000000,1,241
1654,135,1.00000000,1,134
1655,135,6.00000000,1,196
1656,135,3.00000000,1,108
1657,135,2.00000000,1,48
1658,135,9.00000000,1,87
1659,136,4.00000000,1,71
1660,136,1.00000000,1,21
1661,136,0.00000000,1,61
1662,136,0.00000000,1,118
1663,136,2.00000000,1,58
1664,136,6.00000000,1,138
1665,136,2.00000000,1,205
1666,136,9.00000000,1,137
1667,136,1.00000000,1,11
1668,136,7.00000000,1,62
1669,136,9.00000000,1,60
1670,136,0.00000000,1,94
1671,136,10.00000000,1,213
1672,136,3.00000000,1,24
1673,136,8.00000000,1,167
1674,136,3.00000000,1,237
1675,136,2.00000000,1,85
1676,136,7.00000000,1,194
1677,137,0.00000000,1,176
1678,137,3.00000000,1,196
1679,137,5.00000000,1,83
1680,137,8.00000000,1,118
1681,137,5.00000000,1,12
1682,137,5.00000000,1,19
1683,137,0.00000000,1,201
1684,137,8.00000000,1,178
1685,137,5.00000000,1,250
1686,137,5.00000000,1,209
1687,137,1.00000000,1,174
1688,137,0.00000000,1,154
1689,137,8.00000000,1,248
1690,137,9.00000000,1,101
1691,137,0.00000000,1,152
1692,137,4.00000000,1,125
1693,137,4.00000000,1,215
1694,137,5.00000000,1,39
1695,137,6.00000000,1,179
1696,137,8.00000000,1,224
1697,137,6.00000000,1,60
1698,137,5.00000000,1,231
1699,137,5.00000000,1,62
1700,138,0.00000000,1,24
1701,138,10.00000000,1,26
1702,138,3.00000000,1,134
1703,138,3.00000000,1,245
1704,138,0.00000000,1,28
1705,138,1.00000000,1,84
1706,138,9.00000000,1,67
1707,138,1.00000000,1,0
1708,138,4.00000000,1,40
1709,138,0.00000000,1,186
1710,138,7.00000000,1,181
1711,139,10.00000000,1,217
1712,139,5.00000000,1,238
1713,139,5.00000000,1,194
1714,139,5.00000000,1,117
1715,139,6.00000000,1,149
1716,139,0.00000000,1,153
1717,139,8.00000000,1,100
1718,139,9.00000000,1,159
1719,139,10.00000000,1,45
1720,139,10.00000000,1,13
1721,139,8.00000000,1,92
1722,139,8.00000000,1,87
1723,139,8.00000000,1,146
1724,139,9.00000000,1,187
1725,139,7.00000000,1,165
1726,139,3.00000000,1,106
1727,139,3.00000000,1,232
1728,140,5.00000000,1,78
1729,140,5.00000000,1,151
1730,140,6.00000000,1,235
1731,140,9.00000000,1,48
1732,140,3.00000000,1,245
1733,140,1.00000000,1,72
1734,140,4.00000000,1,100
1735,140,6.00000000,1,183
1736,140,10.00000000,1,1
1737,140,1.00000000,1,169
1738,140,0.00000000,1,120
1739,140,3.00000000,1,81
1740,140,1.00000000,1,174
1741,140,1.00000000,1,220
1742,140,7.00000000,1,84
1743,140,5.00000000,1,164
1744,140,4.00000000,1,189
1745,140,7.00000000,1,167
1746,140,6.00000000,1,236
1747,140,8.00000000,1,55
1748,140,1.00000000,1,242
1749,140,2.00000000,1,243
1750,141,10.00000000,1,41
1751,141,3.00000000,1,214
1752,141,8.00000000,1,161
1753,141,9.00000000,1,206
1754,141,6.00000000,1,24
1755,141,4.00000000,1,155
1756,141,1.00000000,1,248
1757,142,3.00000000,1,144
1758,142,7.00000000,1,150
1759,142,0.00000000,1,225
1760,142,9.00000000,1,153
1761,142,3.00000000,1,96
1762,142,4.00000000,1,197
1763,142,5.00000000,1,46
1764,142,2.00000000,1,89
1765,142,3.00000000,1,166
1766,142,5.00000000,1,181
1767,142,6.00000000,1,52
1768,142,9.00000000,1,199
1769,142,6.00000000,1,106
1770,142,6.00000000,1,199
1771,142,3.00000000,1,80
1772,142,1.00000000,1,36
1773,142,4.00000000,1,252
1774,142,7.00000000,1,190
1775,142,8.00000000,1,99
1776,142,6.00000000,1,85
1777,142,4.00000000,1,111
1778,142,4.00000000,1,65
1779,143,9.00000000,1,25
1780,143,7.00000000,1,142
1781,143,4.00000000,1,207
1782,143,4.00000000,1,145
1783,143,3.00000000,1,115
1784,143,5.00000000,1,60
1785,143,9.00000000,1,79
1786,143,8.00000000,1,181
1787,143,0.00000000,1,96
1788,143,0.00000000,1,149
1789,143,4.00000000,1,162
1790,143,6.00000000,1,74
1791,143,3.00000000,1,142
1792,143,2.00000000,1,186
1793,143,4.00000000,1,224
1794,143,8.00000000,1,40
1795,143,6.00000000,1,157
1796,143,7.00000000,1,92
1797,144,4.00000000,1,88
1798,144,0.00000000,1,45
1799,144,5.00000000,1,222
1800,144,5.00000000,1,22
1801,144,10.00000000,1,200
1802,144,4.00000000,1,225
1803,144,1.00000000,1,204
1804,144,6.00000000,1,6
1805,144,0.00000000,1,75
1806,144,0.00000000,1,32
1807,144,10.00000000,1,204
1808,144,3.00000000,1,252
1809,144,8.00000000,1,168
1810,144,9.00000000,1,240
1811,144,4.00000000,1,6
1812,144,10.00000000,1,110
1813,144,2.00000000,1,10
1814,144,5.00000000,1,216
1815,144,5.00000000,1,74
1816,145,2.00000000,1,119
1817,145,1.00000000,1,75
1818,145,0.00000000,1,30
1819,145,7.00000000,1,138
1820,145,9.00000000,1,213
1821,145,2.00000000,1,127
1822,146,0.00000000,1,86
1823,146,0.00000000,1,202
1824,146,10.00000000,1,98
1825,146,9.00000000,1,186
1826,146,10.00000000,1,110
1827,146,0.00000000,1,159
1828,146,4.00000000,1,222
1829,146,5.00000000,1,45
1830,146,7.00000000,1,44
1831,146,10.00000000,1,189
1832,146,2.00000000,1,150
1833,146,6.00000000,1,160
1834,146,6.00000000,1,20
1835,146,10.00000000,1,179
1836,146,7.00000000,1,141
1837,146,8.00000000,1,51
1838,146,6.00000000,1,74
1839,146,3.00000000,1,211
1840,147,9.00000000,1,199
1841,147,2.00000000,1,227
1842,147,1.00000000,1,59
1843,147,6.00000000,1,21
1844,147,4.00000000,1,226
1845,147,6.00000000,1,192
1846,147,8.00000000,1,253
1847,147,7.00000000,1,209
1848,147,1.00000000,1,156
1849,147,3.00000000,1,113
1850,147,0.00000000,1,190
1851,147,6.00000000,1,65
1852,147,1.00000000,1,184
1853,147,5.00000000,1,228
1854,147,3.00000000,1,219
1855,147,0.00000000,1,191
1856,147,9.00000000,1,81
1857,147,0.00000000,1,252
1858,147,7.00000000,1,72
1859,147,2.00000000,1,213
1860,147,6.00000000,1,83
1861,148,8.00000000,1,243
1862,148,9.00000000,1,158
1863,148,1.00000000,1,112
1864,148,4.00000000,1,205
1865,148,10.00000000,1,61
1866,149,6.00000000,1,1
1867,149,0.00000000,1,106
1868,149,10.00000000,1,192
1869,149,4.00000000,1,28
1870,149,6.00000000,1,179
1871,149,1.00000000,1,254
1872,149,4.00000000,1,207
1873,149,6.00000000,1,88
1874,149,7.00000000,1,55
1875,149,8.00000000,1,248
1876,149,8.00000000,1,186
1877,149,6.00000000,1,209
1878,149,9.00000000,1,156
1879,149,0.00000000,1,232
1880,149,7.00000000,1,153
1881,149,0.00000000,1,113
1882,149,6.00000000,1,39
1883,149,10.00000000,1,52
1884,149,4.00000000,1,252
1885,149,5.00000000,1,54
1886,149,10.00000000,1,208
1887,149,6.00000000,1,150
1888,149,2.00000000,1,100
1889,149,5.00000000,1,181
1890,150,1.00000000,1,153
1891,151,0.00000000,1,199
1892,151,10.00000000,1,148
1893,151,7.00000000,1,224
1894,151,3.00000000,1,32
1895,151,2.00000000,1,17
1896,151,10.00000000,1,14
1897,151,3.00000000,1,59
1898,151,1.00000000,1,224
1899,151,0.00000000,1,158
1900,151,7.00000000,1,115
1901,151,10.00000000,1,157
1902,151,9.00000000,1,225
1903,151,1.00000000,1,193
1904,151,3.00000000,1,165
1905,151,7.00000000,1,1
1906,151,10.00000000,1,0
1907,151,4.00000000,1,65
1908,151,3.00000000,1,156
1909,151,9.00000000,1,24
1910,152,8.00000000,1,60
1911,152,1.00000000,1,186
1912,152,3.00000000,1,28
1913,152,4.00000000,1,123
1914,152,9.00000000,1,177
1915,152,6.00000000,1,0
1916,152,0.00000000,1,230
1917,152,9.00000000,1,178
1918,152,9.00000000,1,144
1919,152,2.00000000,1,38
1920,152,3.00000000,1,254
1921,152,8.00000000,1,76
1922,152,0.00000000,1,209
1923,152,4.00000000,1,234
1924,152,10.00000000,1,14
1925,152,0.00000000,1,73
1926,152,6.00000000,1,114
1927,152,7.00000000,1,47
1928,153,7.00000000,1,79
1929,153,9.00000000,1,249
1930,153,1.00000000,1,57
1931,153,6.00000000,1,113
1932,153,4.00000000,1,104
1933,153,9.00000000,1,175
1934,153,8.00000000,1,249
1935,153,9.00000000,1,97
1936,153,7.00000000,1,181
1937,153,9.00000000,1,60
1938,153,6.00000000,1,149
1939,153,0.00000000,1,158
1940,153,2.00000000,1,133
1941,153,5.00000000,1,114
1942,153,2.00000000,1,105
1943,153,9.00000000,1,85
1944,153,6.00000000,1,94
1945,153,6.00000000,1,246
1946,153,3.00000000,1,66
1947,153,0.00000000,1,195
1948,153,9.00000000,1,118
1949,153,7.00000000,1,194
1950,154,9.00000000,1,89
1951,154,6.00000000,1,109
1952,154,6.00000000,1,228
1953,154,10.00000000,1,106
1954,154,7.00000000,1,40
1955,155,7.00000000,1,200
1956,155,7.00000000,1,106
1957,155,0.00000000,1,120
1958,155,4.00000000,1,187
1959,155,1.00000000,1,159
1960,155,7.00000000,1,223
1961,155,4.00000000,1,152
1962,156,9.00000000,1,84
1963,158,1.00000000,1,181
1964,158,5.00000000,1,204
1965,158,9.00000000,1,146
1966,158,0.00000000,1,235
1967,158,7.00000000,1,247
1968,158,0.00000000,1,24
1969,158,0.00000000,1,36
1970,159,6.00000000,1,123
1971,159,6.00000000,1,29
1972,159,6.00000000,1,215
1973,159,2.00000000,1,112
1974,159,3.00000000,1,217
1975,159,10.00000000,1,15
1976,159,1.00000000,1,55
1977,159,1.00000000,1,106
1978,159,9.00000000,1,11
1979,159,8.00000000,1,156
1980,159,2.00000000,1,110
1981,159,5.00000000,1,160
1982,159,10.00000000,1,73
1983,159,8.00000000,1,194
1984,159,6.00000000,1,104
1985,159,8.00000000,1,83
1986,159,5.00000000,1,208
1987,159,1.00000000,1,161
1988,159,9.00000000,1,83
1989,159,8.00000000,1,39
1990,159,8.00000000,1,97
1991,159,8.00000000,1,0
1992,159,7.00000000,1,33
1993,159,0.00000000,1,162
1994,160,3.00000000,1,55
1995,160,8.00000000,1,38
1996,160,1.00000000,1,216
1997,160,4.00000000,1,77
1998,160,7.00000000,1,166
1999,160,10.00000000,1,72
2000,160,10.00000000,1,52
2001,160,3.00000000,1,234
2002,160,1.00000000,1,142
2003,160,3.00000000,1,53
2004,160,0.00000000,1,122
2005,160,1.00000000,1,198
2006,160,5.00000000,1,253
2007,160,2.00000000,1,109
2008,161,1.00000000,1,224
2009,161,7.00000000,1,54
2010,161,9.00000000,1,48
2011,161,9.00000000,1,66
2012,161,4.00000000,1,193
2013,161,7.00000000,1,174
2014,161,4.00000000,1,162
2015,161,5.00000000,1,44
2016,161,7.00000000,1,43
2017,161,8.00000000,1,229
2018,161,9.00000000,1,235
2019,161,9.00000000,1,13
2020,161,9.00000000,1,226
2021,161,7.00000000,1,186
2022,161,0.00000000,1,240
2023,162,10.00000000,1,145
2024,162,2.00000000,1,28
2025,162,3.00000000,1,190
2026,162,9.00000000,1,175
2027,162,0.00000000,1,200
2028,162,5.00000000,1,163
2029,162,0.00000000,1,226
2030,162,3.00000000,1,112
2031,162,9.00000000,1,245
2032,162,7.00000000,1,222
2033,162,8.00000000,1,160
2034,162,10.00000000,1,37
2035,162,7.00000000,1,126
2036,162,7.00000000,1,82
2037,162,2.00000000,1,167
2038,162,7.00000000,1,236
2039,163,6.00000000,1,19
2040,164,3.00000000,1,152
2041,164,6.00000000,1,122
2042,164,4.00000000,1,51
2043,164,7.00000000,1,29
2044,164,3.00000000,1,137
2045,164,4.00000000,1,149
2046,164,2.00000000,1,172
2047,164,10.00000000,1,34
2048,164,1.00000000,1,133
2049,164,6.00000000,1,152
2050,164,5.00000000,1,25
2051,164,6.00000000,1,189
2052,164,8.00000000,1,10
2053,164,3.00000000,1,243
2054,164,3.00000000,1,97
2055,164,6.00000000,1,23
2056,164,3.00000000,1,138
2057,164,6.00000000,1,168
2058,164,4.00000000,1,160
2059,165,3.00000000,1,222
2060,165,9.00000000,1,8
2061,165,7.00000000,1,84
2062,165,6.00000000,1,185
2063,166,8.00000000,1,8
2064,166,9.00000000,1,19
2065,166,10.00000000,1,123
2066,166,7.00000000,1,162
2067,166,8.00000000,1,46
2068,166,9.00000000,1,51
2069,166,5.00000000,1,209
2070,166,7.00000000,1,160
2071,166,3.00000000,1,159
2072,166,5.00000000,1,130
2073,166,7.00000000,1,152
2074,166,6.00000000,1,151
2075,167,3.00000000,1,139
2076,167,10.00000000,1,35
2077,167,10.00000000,1,190
2078,167,10.00000000,1,24
2079,167,4.00000000,1,223
2080,167,0.00000000,1,231
2081,167,10.00000000,1,246
2082,167,9.00000000,1,238
2083,167,0.00000000,1,106
2084,167,9.00000000,1,254
2085,167,7.00000000,1,188
2086,168,1.00000000,1,220
2087,168,9.00000000,1,80
2088,168,5.00000000,1,162
2089,168,5.00000000,1,40
2090,168,7.00000000,1,2
2091,168,0.00000000,1,166
2092,168,10.00000000,1,139
2093,168,7.00000000,1,121
2094,168,6.00000000,1,5
2095,168,7.00000000,1,65
2096,168,4.00000000,1,177
2097,168,10.00000000,1,244
2098,168,3.00000000,1,210
2099,168,3.00000000,1,129
2100,168,4.00000000,1,107
2101,168,7.00000000,1,180
2102,168,7.00000000,1,75
2103,168,2.00000000,1,90
2104,168,1.00000000,1,71
2105,168,1.00000000,1,165
2106,168,10.00000000,1,199
2107,168,10.00000000,1,210
2108,168,9.00000000,1,132
2109,169,6.00000000,1,183
2110,169,2.00000000,1,10
2111,169,9.00000000,1,136
2112,169,2.00000000,1,206
2113,169,10.00000000,1,73
2114,169,7.00000000,1,115
2115,169,9.00000000,1,177
2116,169,1.00000000,1,125
2117,169,1.00000000,1,126
2118,169,3.00000000,1,185
2119,170,3.00000000,1,14
2120,170,8.00000000,1,215
2121,170,2.00000000,1,102
2122,170,7.00000000,1,51
2123,170,6.00000000,1,224
2124,170,1.00000000,1,159
2125,170,5.00000000,1,215
2126,170,5.00000000,1,238
2127,170,4.00000000,1,97
2128,170,0.00000000,1,139
2129,170,1.00000000,1,211
2130,170,5.00000000,1,23
2131,170,5.00000000,1,135
2132,170,7.00000000,1,83
2133,170,2.00000000,1,220
2134,170,2.00000000,1,65
2135,170,3.00000000,1,127
2136,171,2.00000000,1,129
2137,171,9.00000000,1,86
2138,171,5.00000000,1,3
2139,171,5.00000000,1,131
2140,171,7.00000000,1,5
2141,171,5.00000000,1,85
2142,171,10.00000000,1,75
2143,171,10.00000000,1,218
2144,171,1.00000000,1,123
2145,171,9.00000000,1,4
2146,171,6.00000000,1,47
2147,171,6.00000000,1,90
2148,171,4.00000000,1,73
2149,171,0.00000000,1,238
2150,171,5.00000000,1,135
2151,171,4.00000000,1,143
2152,171,5.00000000,1,87
2153,171,10.00000000,1,63
2154,172,8.00000000,1,230
2155,172,6.00000000,1,0
2156,172,0.00000000,1,190
2157,172,8.00000000,1,90
2158,172,8.00000000,1,201
2159,172,6.00000000,1,164
2160,172,10.00000000,1,113
2161,172,0.00000000,1,52
2162,172,1.00000000,1,99
2163,172,9.00000000,1,190
2164,172,8.00000000,1,147
2165,172,2.00000000,1,119
2166,172,2.00000000,1,128
2167,172,3.00000000,1,122
2168,172,9.00000000,1,185
2169,172,7.00000000,1,107
2170,173,3.00000000,1,151
2171,173,10.00000000,1,64
2172,173,5.00000000,1,0
2173,173,4.00000000,1,112
2174,173,4.00000000,1,91
2175,173,0.00000000,1,195
2176,173,8.00000000,1,94
2177,173,6.00000000,1,183
2178,173,3.00000000,1,148
2179,173,2.00000000,1,82
2180,173,6.00000000,1,83
2181,173,5.00000000,1,182
2182,173,5.00000000,1,239
2183,173,8.00000000,1,246
2184,173,1.00000000,1,45
2185,173,3.00000000,1,40
2186,173,4.00000000,1,250
2187,173,5.00000000,1,188
2188,173,10.00000000,1,93
2189,173,8.00000000,1,12
2190,174,2.00000000,1,129
2191,174,2.00000000,1,237
2192,174,1.00000000,1,24
2193,174,1.00000000,1,65
2194,174,8.00000000,1,51
2195,174,3.00000000,1,175
2196,174,8.00000000,1,60
2197,174,7.00000000,1,138
2198,174,10.00000000,1,194
2199,174,0.00000000,1,118
2200,174,9.00000000,1,27
2201,174,6.00000000,1,40
2202,174,2.00000000,1,78
2203,174,10.00000000,1,109
2204,174,4.00000000,1,48
2205,174,2.00000000,1,110
2206,174,7.00000000,1,204
2207,174,4.00000000,1,50
2208,174,9.00000000,1,8
2209,175,2.00000000,1,106
2210,175,9.00000000,1,218
2211,175,8.00000000,1,40
2212,175,4.00000000,1,216
2213,175,10.00000000,1,211
2214,175,1.00000000,1,60
2215,175,4.00000000,1,243
2216,175,9.00000000,1,255
2217,175,3.00000000,1,121
2218,175,7.00000000,1,181
2219,175,5.00000000,1,177
2220,175,1.00000000,1,28
2221,175,1.00000000,1,114
2222,175,8.00000000,1,245
2223,175,5.00000000,1,152
2224,175,1.00000000,1,18
2225,175,0.00000000,1,179
2226,175,8.00000000,1,177
2227,175,7.00000000,1,1
2228,175,0.00000000,1,8
2229,175,10.00000000,1,154
2230,175,5.00000000,1,33
2231,176,3.00000000,1,98
2232,176,5.00000000,1,1
2233,176,6.00000000,1,27
2234,176,0.00000000,1,34
2235,176,0.00000000,1,210
2236,176,2.00000000,1,190
2237,176,8.00000000,1,6
2238,176,1.00000000,1,242
2239,176,7.00000000,1,79
2240,176,5.00000000,1,188
2241,176,10.00000000,1,69
2242,176,9.00000000,1,3
2243,176,3.00000000,1,157
2244,176,1.00000000,1,215
2245,176,0.00000000,1,149
2246,176,5.00000000,1,251
2247,176,9.00000000,1,147
2248,176,9.00000000,1,160
2249,176,4.00000000,1,8
2250,176,7.00000000,1,116
2251,176,3.00000000,1,155
2252,176,8.00000000,1,219
2253,176,3.00000000,1,132
2254,177,5.00000000,1,30
2255,177,9.00000000,1,44
2256,177,8.00000000,1,12
2257,177,5.00000000,1,206
2258,177,2.00000000,1,23
2259,177,10.00000000,1,110
2260,177,2.00000000,1,220
2261,177,9.00000000,1,184
2262,177,3.00000000,1,141
2263,177,9.00000000,1,126
2264,177,2.00000000,1,159
2265,177,0.00000000,1,9
2266,177,1.00000000,1,194
2267,177,5.00000000,1,173
2268,177,4.00000000,1,22
2269,177,7.00000000,1,160
2270,177,6.00000000,1,156
2271,177,10.00000000,1,13
2272,177,7.00000000,1,235
2273,177,10.00000000,1,99
2274,177,9.00000000,1,36
2275,177,1.00000000,1,243
2276,178,0.00000000,1,133
2277,178,6.00000000,1,161
2278,178,7.00000000,1,116
2279,178,3.00000000,1,236
2280,178,9.00000000,1,215
2281,178,9.00000000,1,48
2282,178,8.00000000,1,132
2283,178,10.00000000,1,169
2284,178,1.00000000,1,42
2285,178,6.00000000,1,16
2286,178,3.00000000,1,239
2287,178,3.00000000,1,98
2288,178,2.00000000,1,87
2289,178,2.00000000,1,226
2290,178,10.00000000,1,104
2291,178,10.00000000,1,97
2292,178,7.00000000,1,12
2293,178,8.00000000,1,189
2294,178,6.00000000,1,182
2295,178,7.00000000,1,168
2296,178,7.00000000,1,72
2297,178,0.00000000,1,170
2298,178,0.00000000,1,53
2299,179,5.00000000,1,232
2300,179,5.00000000,1,193
2301,179,0.00000000,1,150
2302,179,1.00000000,1,62
2303,179,6.00000000,1,21
2304,179,10.00000000,1,230
2305,179,6.00000000,1,202
2306,179,4.00000000,1,108
2307,179,5.00000000,1,24
2308,179,6.00000000,1,115
2309,179,7.00000000,1,214
2310,179,5.00000000,1,161
2311,179,9.00000000,1,0
2312,179,8.00000000,1,245
2313,179,5.00000000,1,172
2314,180,7.00000000,1,112
2315,180,3.00000000,1,148
2316,180,2.00000000,1,129
2317,180,8.00000000,1,112
2318,180,10.00000000,1,196
2319,180,8.00000000,1,122
2320,180,8.00000000,1,19
2321,180,6.00000000,1,234
2322,180,9.00000000,1,16
2323,180,10.00000000,1,32
2324,180,7.00000000,1,175
2325,180,0.00000000,1,67
2326,180,0.00000000,1,245
2327,180,10.00000000,1,40
2328,180,2.00000000,1,255
2329,181,8.00000000,1,172
2330,182,7.00000000,1,6
2331,182,6.00000000,1,32
2332,182,5.00000000,1,143
2333,182,7.00000000,1,138
2334,183,10.00000000,1,230
2335,183,3.00000000,1,224
2336,183,9.00000000,1,215
2337,183,10.00000000,1,141
2338,183,10.00000000,1,209
2339,183,2.00000000,1,125
2340,183,9.00000000,1,97
2341,184,1.00000000,1,38
2342,184,9.00000000,1,233
2343,184,2.00000000,1,149
2344,184,9.00000000,1,113
2345,184,10.00000000,1,1
2346,184,6.00000000,1,15
2347,184,3.00000000,1,248
2348,184,2.00000000,1,104
2349,184,3.00000000,1,232
2350,184,0.00000000,1,233
2351,184,1.00000000,1,60
2352,184,9.00000000,1,9
2353,184,8.00000000,1,200
2354,184,3.00000000,1,206
2355,184,1.00000000,1,103
2356,184,10.00000000,1,147
2357,184,7.00000000,1,226
2358,184,5.00000000,1,8
2359,185,1.00000000,1,95
2360,185,0.00000000,1,232
2361,185,10.00000000,1,70
2362,185,1.00000000,1,228
2363,185,7.00000000,1,190
2364,185,2.00000000,1,127
2365,185,6.00000000,1,165
2366,185,1.00000000,1,167
2367,185,6.00000000,1,116
2368,185,3.00000000,1,198
2369,185,5.00000000,1,22
2370,185,10.00000000,1,60
2371,185,3.00000000,1,251
2372,185,2.00000000,1,12
2373,186,5.00000000,1,101
2374,186,7.00000000,1,60
2375,186,8.00000000,1,234
2376,186,1.00000000,1,177
2377,186,10.00000000,1,250
2378,186,2.00000000,1,200
2379,186,2.00000000,1,141
2380,186,4.00000000,1,225
2381,186,0.00000000,1,165
2382,186,1.00000000,1,157
2383,186,7.00000000,1,139
2384,186,9.00000000,1,67
2385,187,10.00000000,1,73
2386,187,8.00000000,1,158
2387,187,3.00000000,1,127
2388,187,5.00000000,1,241
2389,187,0.00000000,1,52
2390,187,1.00000000,1,51
2391,187,8.00000000,1,150
2392,187,4.00000000,1,42
2393,187,7.00000000,1,184
2394,187,6.00000000,1,142
2395,187,0.00000000,1,63
2396,187,8.00000000,1,98
2397,187,9.00000000,1,94
2398,188,0.00000000,1,147
2399,188,9.00000000,1,195
2400,188,3.00000000,1,190
2401,188,10.00000000,1,165
2402,188,6.00000000,1,5
2403,188,4.00000000,1,97
2404,188,0.00000000,1,246
2405,188,9.00000000,1,162
2406,188,10.00000000,1,29
2407,188,10.00000000,1,228
2408,188,2.00000000,1,131
2409,188,3.00000000,1,30
2410,188,3.00000000,1,116
2411,188,4.00000000,1,165
2412,188,3.00000000,1,133
2413,188,6.00000000,1,77
2414,189,3.00000000,1,200
2415,189,4.00000000,1,74
2416,189,2.00000000,1,68
2417,189,5.00000000,1,87
2418,189,10.00000000,1,245
2419,189,10.00000000,1,159
2420,189,8.00000000,1,225
2421,189,8.00000000,1,107
2422,189,10.00000000,1,185
2423,189,3.00000000,1,36
2424,189,3.00000000,1,83
2425,189,6.00000000,1,104
2426,189,5.00000000,1,90
2427,189,2.00000000,1,93
2428,190,2.00000000,1,55
2429,190,8.00000000,1,219
2430,190,4.00000000,1,51
2431,190,7.00000000,1,231
2432,190,1.00000000,1,27
2433,190,3.00000000,1,134
2434,190,4.00000000,1,24
2435,190,0.00000000,1,221
2436,190,8.00000000,1,8
2437,191,10.00000000,1,26
2438,191,1.00000000,1,45
2439,191,5.00000000,1,80
2440,191,9.00000000,1,61
2441,191,2.00000000,1,79
2442,191,2.00000000,1,54
2443,191,4.00000000,1,46
2444,191,1.00000000,1,13
2445,191,6.00000000,1,164
2446,191,6.00000000,1,70
2447,191,0.00000000,1,120
2448,191,3.00000000,1,11
2449,191,1.00000000,1,56
2450,191,4.00000000,1,123
2451,191,9.00000000,1,46
2452,192,2.00000000,1,176
2453,192,9.00000000,1,115
2454,192,3.00000000,1,226
2455,192,1.00000000,1,138
2456,192,0.00000000,1,196
2457,192,8.00000000,1,52
2458,192,7.00000000,1,72
2459,192,3.00000000,1,150
2460,192,0.00000000,1,76
2461,192,2.00000000,1,22
2462,193,4.00000000,1,139
2463,193,3.00000000,1,102
2464,193,4.00000000,1,170
2465,193,0.00000000,1,126
2466,193,7.00000000,1,85
2467,193,1.00000000,1,242
2468,193,2.00000000,1,131
2469,193,9.00000000,1,160
2470,193,1.00000000,1,48
2471,193,8.00000000,1,126
2472,193,7.00000000,1,13
2473,193,10.00000000,1,231
2474,194,4.00000000,1,155
2475,194,0.00000000,1,200
2476,194,10.00000000,1,39
2477,194,3.00000000,1,16
2478,194,2.00000000,1,224
2479,194,0.00000000,1,57
2480,195,4.00000000,1,197
2481,195,5.00000000,1,92
2482,195,3.00000000,1,0
2483,195,0.00000000,1,91
2484,195,6.00000000,1,90
2485,195,3.00000000,1,227
2486,195,10.00000000,1,59
2487,195,9.00000000,1,167
2488,195,3.00000000,1,14
2489,195,3.00000000,1,164
2490,195,9.00000000,1,224
2491,195,0.00000000,1,86
2492,195,3.00000000,1,41
2493,196,4.00000000,1,173
2494,196,4.00000000,1,93
2495,196,9.00000000,1,247
2496,196,9.00000000,1,170
2497,196,4.00000000,1,208
2498,196,3.00000000,1,141
2499,196,1.00000000,1,18
2500,196,10.00000000,1,76
2501,196,5.00000000,1,206
2502,196,6.00000000,1,47
2503,196,10.00000000,1,53
2504,196,5.00000000,1,135
2505,196,1.00000000,1,185
2506,197,2.00000000,1,8
2507,197,1.00000000,1,82
2508,197,4.00000000,1,136
2509,197,7.00000000,1,97
2510,197,2.00000000,1,35
2511,197,1.00000000,1,189
2512,197,7.00000000,1,169
2513,199,3.00000000,1,91
2514,199,8.00000000,1,23
2515,199,4.00000000,1,87
2516,199,8.00000000,1,179
2517,199,0.00000000,1,87
2518,199,7.00000000,1,68
2519,199,2.00000000,1,155
2520,199,8.00000000,1,56
2521,199,3.00000000,1,36
2522,199,7.00000000,1,173
2523,199,7.00000000,1,35
2524,199,4.00000000,1,135
2525,199,7.00000000,1,177
2526,199,8.00000000,1,191
2527,199,6.00000000,1,192
2528,199,8.00000000,1,253
2529,199,1.00000000,1,82
2530,199,4.00000000,1,106
2531,200,9.00000000,1,194
2532,200,9.00000000,1,154
2533,200,1.00000000,1,167
2534,200,1.00000000,1,125
2535,200,10.00000000,1,38
2536,200,7.00000000,1,223
2537,200,0.00000000,1,202
2538,200,3.00000000,1,65
2539,200,3.00000000,1,167
2540,200,0.00000000,1,243
2541,200,4.00000000,1,62
2542,200,9.00000000,1,31
2543,200,6.00000000,1,161
2544,200,0.00000000,1,10
2545,200,4.00000000,1,216
2546,200,10.00000000,1,151
2547,200,3.00000000,1,130
2548,200,9.00000000,1,13
2549,200,3.00000000,1,191
2550,201,6.00000000,1,195
2551,201,6.00000000,1,67
2552,201,2.00000000,1,55
2553,201,5.00000000,1,152
2554,201,8.00000000,1,180
2555,203,4.00000000,1,87
2556,203,7.00000000,1,21
2557,203,3.00000000,1,87
2558,203,7.00000000,1,103
2559,203,8.00000000,1,56
2560,203,6.00000000,1,64
2561,203,3.00000000,1,65
2562,203,7.00000000,1,64
2563,204,8.00000000,1,35
2564,204,3.00000000,1,215
2565,204,0.00000000,1,34
2566,204,9.00000000,1,216
2567,204,5.00000000,1,121
2568,204,3.00000000,1,157
2569,204,9.00000000,1,238
2570,204,3.00000000,1,202
2571,204,2.00000000,1,248
2572,204,0.00000000,1,30
2573,204,6.00000000,1,219
2574,204,0.00000000,1,176
2575,204,2.00000000,1,21
2576,204,4.00000000,1,120
2577,204,6.00000000,1,249
2578,204,10.00000000,1,18
2579,204,2.00000000,1,154
2580,204,6.00000000,1,191
2581,204,3.00000000,1,234
2582,204,4.00000000,1,173
2583,204,2.00000000,1,35
2584,205,5.00000000,1,29
2585,205,9.00000000,1,16
2586,205,7.00000000,1,105
2587,205,6.00000000,1,57
2588,205,2.00000000,1,45
2589,205,8.00000000,1,18
2590,205,10.00000000,1,114
2591,205,0.00000000,1,12
2592,205,9.00000000,1,66
2593,205,2.00000000,1,170
2594,205,5.00000000,1,96
2595,205,9.00000000,1,215
2596,205,2.00000000,1,54
2597,205,6.00000000,1,125
2598,206,6.00000000,1,186
2599,206,6.00000000,1,38
2600,206,7.00000000,1,204
2601,206,6.00000000,1,242
2602,206,0.00000000,1,140
2603,206,6.00000000,1,209
2604,206,5.00000000,1,117
2605,207,2.00000000,1,18
2606,207,2.00000000,1,211
2607,207,8.00000000,1,102
2608,207,6.00000000,1,91
2609,207,0.00000000,1,146
2610,207,1.00000000,1,92
2611,207,3.00000000,1,164
2612,207,8.00000000,1,111
2613,207,6.00000000,1,41
2614,207,5.00000000,1,160
2615,207,9.00000000,1,158
2616,207,1.00000000,1,124
2617,207,5.00000000,1,39
2618,207,1.00000000,1,107
2619,207,0.00000000,1,132
2620,207,0.00000000,1,64
2621,207,8.00000000,1,64
2622,207,6.00000000,1,15
2623,207,5.00000000,1,43
2624,207,7.00000000,1,62
2625,207,9.00000000,1,11
2626,207,9.00000000,1,223
2627,207,2.00000000,1,143
2628,208,8.00000000,1,231
2629,208,9.00000000,1,207
2630,208,0.00000000,1,29
2631,208,3.00000000,1,129
2632,208,4.00000000,1,172
2633,208,10.00000000,1,60
2634,208,2.00000000,1,122
2635,208,8.00000000,1,173
2636,208,3.00000000,1,71
2637,209,2.00000000,1,104
2638,210,0.00000000,1,156
2639,210,0.00000000,1,128
2640,210,2.00000000,1,208
2641,210,6.00000000,1,154
2642,210,10.00000000,1,48
2643,210,8.00000000,1,84
2644,210,6.00000000,1,221
2645,210,8.00000000,1,117
2646,210,9.00000000,1,97
2647,210,4.00000000,1,115
2648,210,9.00000000,1,146
2649,210,10.00000000,1,126
2650,210,5.00000000,1,185
2651,210,5.00000000,1,192
2652,210,1.00000000,1,244
2653,210,7.00000000,1,228
2654,210,0.00000000,1,217
2655,210,9.00000000,1,213
2656,210,4.00000000,1,92
2657,210,6.00000000,1,200
2658,210,10.00000000,1,243
2659,211,10.00000000,1,158
2660,211,9.00000000,1,222
2661,211,8.00000000,1,9
2662,211,9.00000000,1,83
2663,211,10.00000000,1,99
2664,211,8.00000000,1,141
2665,211,2.00000000,1,210
2666,211,0.00000000,1,245
2667,211,8.00000000,1,39
2668,211,7.00000000,1,20
2669,212,6.00000000,1,72
2670,212,1.00000000,1,105
2671,212,4.00000000,1,172
2672,212,4.00000000,1,79
2673,212,10.00000000,1,90
2674,212,3.00000000,1,230
2675,212,9.00000000,1,231
2676,212,0.00000000,1,7
2677,212,2.00000000,1,145
2678,212,6.00000000,1,126
2679,212,1.00000000,1,35
2680,212,3.00000000,1,15
2681,212,5.00000000,1,25
2682,213,2.00000000,1,153
2683,213,1.00000000,1,183
2684,213,3.00000000,1,182
2685,213,9.00000000,1,230
2686,213,3.00000000,1,214
2687,213,7.00000000,1,10
2688,213,5.00000000,1,49
2689,213,4.00000000,1,53
2690,213,10.00000000,1,156
2691,213,3.00000000,1,12
2692,213,9.00000000,1,255
2693,214,8.00000000,1,211
2694,214,7.00000000,1,238
2695,214,2.00000000,1,171
2696,214,6.00000000,1,253
2697,214,9.00000000,1,67
2698,214,8.00000000,1,234
2699,214,7.00000000,1,226
2700,214,8.00000000,1,220
2701,214,10.00000000,1,116
2702,215,1.00000000,1,99
2703,215,10.00000000,1,32
2704,215,2.00000000,1,170
2705,215,10.00000000,1,84
2706,215,8.00000000,1,234
2707,215,7.00000000,1,51
2708,215,7.00000000,1,93
2709,216,3.00000000,1,111
2710,216,6.00000000,1,53
2711,216,9.00000000,1,184
2712,216,7.00000000,1,230
2713,216,6.00000000,1,25
2714,216,4.00000000,1,161
2715,216,7.00000000,1,144
2716,216,5.00000000,1,249
2717,216,4.00000000,1,251
2718,216,7.00000000,1,77
2719,216,9.00000000,1,53
2720,216,6.00000000,1,2
2721,216,4.00000000,1,130
2722,216,3.00000000,1,16
2723,216,0.00000000,1,45
2724,216,7.00000000,1,192
2725,216,10.00000000,1,111
2726,217,9.00000000,1,81
2727,217,6.00000000,1,174
2728,217,1.00000000,1,13
2729,217,1.00000000,1,175
2730,217,7.00000000,1,108
2731,217,0.00000000,1,31
2732,217,2.00000000,1,65
2733,217,5.00000000,1,141
2734,217,9.00000000,1,169
2735,217,5.00000000,1,34
2736,218,0.00000000,1,148
2737,218,0.00000000,1,148
2738,218,8.00000000,1,151
2739,218,5.00000000,1,105
2740,218,6.00000000,1,182
2741,218,7.00000000,1,48
2742,219,3.00000000,1,14
2743,219,6.00000000,1,68
2744,219,4.00000000,1,56
2745,219,0.00000000,1,227
2746,220,10.00000000,1,174
2747,220,6.00000000,1,251
2748,220,7.00000000,1,71
2749,220,5.00000000,1,205
2750,220,1.00000000,1,115
2751,220,2.00000000,1,100
2752,220,7.00000000,1,59
2753,220,1.00000000,1,191
2754,220,3.00000000,1,62
2755,220,0.00000000,1,12
2756,220,7.00000000,1,177
2757,221,8.00000000,1,158
2758,221,6.00000000,1,175
2759,221,10.00000000,1,30
2760,221,3.00000000,1,35
2761,221,8.00000000,1,234
2762,221,0.00000000,1,212
2763,221,4.00000000,1,181
2764,221,10.00000000,1,35
2765,221,0.00000000,1,13
2766,221,6.00000000,1,49
2767,221,3.00000000,1,48
2768,221,10.00000000,1,79
2769,221,7.00000000,1,34
2770,221,5.00000000,1,182
2771,221,9.00000000,1,252
2772,221,8.00000000,1,121
2773,221,0.00000000,1,135
2774,222,2.00000000,1,74
2775,222,2.00000000,1,210
2776,222,6.00000000,1,101
2777,223,8.00000000,1,107
2778,223,2.00000000,1,76
2779,223,3.00000000,1,190
2780,223,2.00000000,1,17
2781,223,9.00000000,1,111
2782,223,10.00000000,1,62
2783,223,9.00000000,1,177
2784,223,9.00000000,1,199
2785,223,10.00000000,1,64
2786,224,7.00000000,1,228
2787,224,0.00000000,1,222
2788,225,10.00000000,1,196
2789,225,9.00000000,1,163
2790,225,0.00000000,1,161
2791,225,9.00000000,1,191
2792,225,0.00000000,1,194
2793,225,2.00000000,1,27
2794,225,4.00000000,1,205
2795,225,9.00000000,1,170
2796,225,0.00000000,1,102
2797,225,0.00000000,1,77
2798,225,2.00000000,1,162
2799,225,4.00000000,1,235
2800,225,7.00000000,1,190
2801,225,9.00000000,1,196
2802,225,8.00000000,1,17
2803,225,9.00000000,1,2
2804,225,6.00000000,1,63
2805,225,3.00000000,1,145
2806,225,0.00000000,1,176
2807,225,9.00000000,1,49
2808,225,4.00000000,1,64
2809,226,9.00000000,1,236
2810,226,10.00000000,1,42
2811,226,8.00000000,1,241
2812,226,3.00000000,1,161
2813,226,0.00000000,1,218
2814,226,10.00000000,1,105
2815,227,0.00000000,1,150
2816,227,5.00000000,1,225
2817,227,1.00000000,1,161
2818,227,8.00000000,1,229
2819,227,3.00000000,1,142
2820,227,4.00000000,1,126
2821,227,8.00000000,1,40
2822,227,3.00000000,1,222
2823,227,2.00000000,1,77
2824,227,1.00000000,1,0
2825,227,7.00000000,1,231
2826,227,4.00000000,1,57
2827,227,6.00000000,1,31
2828,227,9.00000000,1,16
2829,227,5.00000000,1,205
2830,228,9.00000000,1,154
2831,228,10.00000000,1,239
2832,228,1.00000000,1,161
2833,228,8.00000000,1,172
2834,228,6.00000000,1,224
2835,228,1.00000000,1,137
2836,228,9.00000000,1,121
2837,228,7.00000000,1,86
2838,228,1.00000000,1,82
2839,228,2.00000000,1,190
2840,228,9.00000000,1,22
2841,229,2.00000000,1,127
2842,229,0.00000000,1,177
2843,229,5.00000000,1,19
2844,229,1.00000000,1,215
2845,229,5.00000000,1,223
2846,229,3.00000000,1,248
2847,230,4.00000000,1,234
2848,230,3.00000000,1,165
2849,230,1.00000000,1,51
2850,230,8.00000000,1,110
2851,230,1.00000000,1,41
2852,230,3.00000000,1,11
2853,230,6.00000000,1,90
2854,230,5.00000000,1,31
2855,230,6.00000000,1,61
2856,230,2.00000000,1,116
2857,230,9.00000000,1,115
2858,230,2.00000000,1,86
2859,230,5.00000000,1,76
2860,230,6.00000000,1,58
2861,231,0.00000000,1,82
2862,231,1.00000000,1,254
2863,231,6.00000000,1,66
2864,232,7.00000000,1,237
2865,232,4.00000000,1,109
2866,232,2.00000000,1,56
2867,232,8.00000000,1,153
2868,232,7.00000000,1,139
2869,232,4.00000000,1,107
2870,232,1.00000000,1,38
2871,232,7.00000000,1,197
2872,232,5.00000000,1,147
2873,232,8.00000000,1,44
2874,232,10.00000000,1,46
2875,232,4.00000000,1,113
2876,232,7.00000000,1,229
2877,232,5.00000000,1,144
2878,232,5.00000000,1,61
2879,232,7.00000000,1,216
2880,233,10.00000000,1,63
2881,233,6.00000000,1,55
2882,233,2.00000000,1,78
2883,233,2.00000000,1,251
2884,233,10.00000000,1,56
2885,233,10.00000000,1,67
2886,233,10.00000000,1,109
2887,233,3.00000000,1,45
2888,233,9.00000000,1,29
2889,233,6.00000000,1,136
2890,233,8.00000000,1,171
2891,233,0.00000000,1,229
2892,233,1.00000000,1,95
2893,233,8.00000000,1,241
2894,233,9.00000000,1,91
2895,234,4.00000000,1,180
2896,234,2.00000000,1,212
2897,234,1.00000000,1,149
2898,234,4.00000000,1,100
2899,235,7.00000000,1,40
2900,235,7.00000000,1,247
2901,235,2.00000000,1,8
2902,235,4.00000000,1,54
2903,235,3.00000000,1,132
2904,235,2.00000000,1,2
2905,235,6.00000000,1,222
2906,235,6.00000000,1,223
2907,235,2.00000000,1,226
2908,235,2.00000000,1,12
2909,235,0.00000000,1,211
2910,235,3.00000000,1,16
2911,235,8.00000000,1,166
2912,235,10.00000000,1,149
2913,235,7.00000000,1,110
2914,235,5.00000000,1,121
2915,236,0.00000000,1,160
2916,236,2.00000000,1,183
2917,236,6.00000000,1,77
2918,236,9.00000000,1,65
2919,236,1.00000000,1,107
2920,236,6.00000000,1,120
2921,236,2.00000000,1,215
2922,236,7.00000000,1,199
2923,236,5.00000000,1,254
2924,236,3.00000000,1,145
2925,236,6.00000000,1,251
2926,236,0.00000000,1,116
2927,236,10.00000000,1,255
2928,236,2.00000000,1,207
2929,237,10.00000000,1,32
2930,237,7.00000000,1,110
2931,237,0.00000000,1,110
2932,237,4.00000000,1,68
2933,237,5.00000000,1,91
2934,237,9.00000000,1,4
2935,237,4.00000000,1,55
2936,237,1.00000000,1,213
2937,237,9.00000000,1,32
2938,237,5.00000000,1,245
2939,237,8.00000000,1,194
2940,237,2.00000000,1,27
2941,237,2.00000000,1,38
2942,237,3.00000000,1,50
2943,237,4.00000000,1,51
2944,237,9.00000000,1,254
2945,237,3.00000000,1,116
2946,237,9.00000000,1,1
2947,237,2.00000000,1,27
2948,238,5.00000000,1,235
2949,238,10.00000000,1,45
2950,238,3.00000000,1,153
2951,238,2.00000000,1,235
2952,238,9.00000000,1,229
2953,238,8.00000000,1,60
2954,238,5.00000000,1,193
2955,238,4.00000000,1,205
2956,238,7.00000000,1,77
2957,238,2.00000000,1,214
2958,240,5.00000000,1,145
2959,240,4.00000000,1,5
2960,240,4.00000000,1,54
2961,240,6.00000000,1,51
2962,240,1.00000000,1,159
2963,240,4.00000000,1,140
2964,240,5.00000000,1,172
2965,240,8.00000000,1,96
2966,240,6.00000000,1,74
2967,240,6.00000000,1,151
2968,240,8.00000000,1,81
2969,240,4.00000000,1,116
2970,240,4.00000000,1,172
2971,240,10.00000000,1,212
2972,240,5.00000000,1,185
2973,240,3.00000000,1,176
2974,240,3.00000000,1,242
2975,240,9.00000000,1,233
2976,240,1.00000000,1,206
2977,240,7.00000000,1,69
2978,240,3.00000000,1,226
2979,241,9.00000000,1,59
2980,241,10.00000000,1,91
2981,241,2.00000000,1,15
2982,241,10.00000000,1,12
2983,241,2.00000000,1,142
2984,241,9.00000000,1,30
2985,241,0.00000000,1,167
2986,241,10.00000000,1,21
2987,241,4.00000000,1,23
2988,241,6.00000000,1,181
2989,241,4.00000000,1,221
2990,241,9.00000000,1,21
2991,241,3.00000000,1,238
2992,241,7.00000000,1,245
2993,241,7.00000000,1,43
2994,241,9.00000000,1,81
2995,242,4.00000000,1,40
2996,242,0.00000000,1,245
2997,242,10.00000000,1,150
2998,242,5.00000000,1,160
2999,242,1.00000000,1,200
3000,242,9.00000000,1,28
3001,242,5.00000000,1,219
3002,242,3.00000000,1,27
3003,243,3.00000000,1,180
3004,243,3.00000000,1,254
3005,243,9.00000000,1,177
3006,243,9.00000000,1,96
3007,243,10.00000000,1,182
3008,243,0.00000000,1,187
3009,243,0.00000000,1,114
3010,243,5.00000000,1,78
3011,243,2.00000000,1,67
3012,243,2.00000000,1,139
3013,243,8.00000000,1,77
3014,243,4.00000000,1,203
3015,243,0.00000000,1,202
3016,243,1.00000000,1,65
3017,244,3.00000000,1,12
3018,244,10.00000000,1,146
3019,244,3.00000000,1,44
3020,244,4.00000000,1,215
3021,244,9.00000000,1,252
3022,244,3.00000000,1,181
3023,244,8.00000000,1,161
3024,244,5.00000000,1,18
3025,245,9.00000000,1,220
3026,245,0.00000000,1,42
3027,245,3.00000000,1,142
3028,246,6.00000000,1,122
3029,246,2.00000000,1,154
3030,246,2.00000000,1,249
3031,247,4.00000000,1,83
3032,247,8.00000000,1,203
3033,248,0.00000000,1,99
3034,248,4.00000000,1,82
3035,248,10.00000000,1,49
3036,248,3.00000000,1,14
3037,248,8.00000000,1,231
3038,248,0.00000000,1,161
3039,248,9.00000000,1,164
3040,248,1.00000000,1,146
3041,248,10.00000000,1,160
3042,248,4.00000000,1,233
3043,248,3.00000000,1,53
3044,248,5.00000000,1,3
3045,248,6.00000000,1,219
3046,248,8.00000000,1,46
3047,248,9.00000000,1,86
3048,248,7.00000000,1,115
3049,248,10.00000000,1,46
3050,248,7.00000000,1,179
3051,249,8.00000000,1,230
3052,249,5.00000000,1,80
3053,249,2.00000000,1,2
3054,249,6.00000000,1,89
3055,249,4.00000000,1,154
3056,249,9.00000000,1,104
3057,249,5.00000000,1,181
3058,249,1.00000000,1,101
3059,249,8.00000000,1,7
3060,249,10.00000000,1,75
3061,250,10.00000000,1,89
3062,250,9.00000000,1,55
3063,250,0.00000000,1,120
3064,250,7.00000000,1,135
3065,250,1.00000000,1,73
3066,250,4.00000000,1,158
3067,250,2.00000000,1,229
3068,250,4.00000000,1,131
3069,250,1.00000000,1,194
3070,250,1.00000000,1,127
3071,250,3.00000000,1,135
3072,250,2.00000000,1,140
3073,250,1.00000000,1,30
3074,250,1.00000000,1,11
3075,250,1.00000000,1,11
3076,250,0.00000000,1,181
3077,250,5.00000000,1,253
3078,250,0.00000000,1,212
3079,250,0.00000000,1,163
3080,250,0.00000000,1,179
3081,251,3.00000000,1,63
3082,252,6.00000000,1,131
3083,252,0.00000000,1,95
3084,252,5.00000000,1,17
3085,252,4.00000000,1,98
3086,252,0.00000000,1,99
3087,252,6.00000000,1,56
3088,252,7.00000000,1,87
3089,252,3.00000000,1,195
3090,252,7.00000000,1,1
3091,252,10.00000000,1,223
3092,252,3.00000000,1,66
3093,252,1.00000000,1,151
3094,252,6.00000000,1,156
3095,252,7.00000000,1,153
3096,252,1.00000000,1,68
3097,252,6.00000000,1,231
3098,252,4.00000000,1,121
3099,252,1.00000000,1,208
3100,253,4.00000000,1,138
3101,253,4.00000000,1,118
3102,253,9.00000000,1,57
3103,253,6.00000000,1,220
3104,253,4.00000000,1,18
3105,254,3.00000000,1,34
3106,254,2.00000000,1,16
3107,254,0.00000000,1,79
3108,254,3.00000000,1,231
3109,254,8.00000000,1,10
3110,254,0.00000000,1,32
3111,254,2.00000000,1,250
3112,254,6.00000000,1,194
3113,254,8.00000000,1,111
3114,254,1.00000000,1,188
3115,254,4.00000000,1,245
3116,254,8.00000000,1,28
3117,254,7.00000000,1,42
3118,254,10.00000000,1,129
3119,254,5.00000000,1,204
3120,254,6.00000000,1,211
3121,254,9.00000000,1,22
3122,254,3.00000000,1,49
3123,254,0.00000000,1,77
3124,254,3.00000000,1,43
3125,254,6.00000000,1,150
3126,254,8.00000000,1,50
3127,254,0.00000000,1,10
3128,254,3.00000000,1,76
3129,255,1.00000000,1,101
3130,255,0.00000000,1,242
3131,255,7.00000000,1,199
3132,255,0.00000000,1,128
3133,255,8.00000000,1,210
3134,255,1.00000000,1,73
