# time slot,request num,vertex1,vertex2,edge num,flow in slot,in port,out port
0,0,0,20,0,10.000000,-1,0
6,0,0,20,0,10.000000,-1,0
4,0,0,20,0,10.000000,-1,0
2,0,0,20,0,10.000000,-1,0
0,0,0,20,0,8.000000,-1,0
7,0,0,20,0,10.000000,-1,0
5,0,0,20,0,10.000000,-1,0
3,0,0,20,0,6.000000,-1,0
1,14,0,20,0,9.000000,-1,0
5,14,0,20,0,8.000000,-1,0
1,14,0,20,0,9.000000,-1,0
6,14,0,20,0,8.000000,-1,0
2,14,0,20,0,8.000000,-1,0
7,14,0,20,0,8.000000,-1,0
3,14,0,20,0,9.000000,-1,0
3,14,0,20,0,3.000000,-1,0
4,14,0,20,0,4.000000,-1,0
3,17,20,0,1,9.000000,-1,0
7,17,20,0,1,11.000000,-1,0
4,17,20,0,1,8.000000,-1,0
0,17,20,0,1,11.000000,-1,0
4,17,20,0,1,3.000000,-1,0
1,17,20,0,1,8.000000,-1,0
5,17,20,0,1,9.000000,-1,0
1,17,20,0,1,3.000000,-1,0
0,15,1,20,2,8.000000,-1,0
4,15,1,20,2,8.000000,-1,0
1,15,1,20,2,8.000000,-1,0
5,15,1,20,2,8.000000,-1,0
2,15,1,20,2,8.000000,-1,0
6,15,1,20,2,8.000000,-1,0
3,15,1,20,2,8.000000,-1,0
7,15,1,20,2,2.000000,-1,0
5,2,20,1,3,6.000000,-1,1
3,2,20,1,3,6.000000,-1,1
1,2,20,1,3,6.000000,-1,1
7,2,20,1,3,6.000000,-1,1
5,2,20,1,3,6.000000,-1,1
3,2,20,1,3,6.000000,-1,1
1,2,20,1,3,5.000000,-1,1
3,10,20,1,3,5.000000,-1,1
7,10,20,1,3,6.000000,-1,1
4,10,20,1,3,6.000000,-1,1
0,10,20,1,3,6.000000,-1,1
5,10,20,1,3,5.000000,-1,1
1,10,20,1,3,6.000000,-1,1
6,10,20,1,3,5.000000,-1,1
4,20,20,1,3,2.000000,-1,1
0,20,20,1,3,2.000000,-1,1
6,20,20,1,3,6.000000,-1,1
2,20,20,1,3,6.000000,-1,1
6,20,20,1,3,6.000000,-1,1
2,20,20,1,3,1.000000,-1,1
7,20,20,1,3,1.000000,-1,1
7,20,20,1,3,4.000000,-1,1
0,20,20,1,3,1.000000,-1,1
0,20,20,1,3,3.000000,-1,1
2,20,20,1,3,1.000000,-1,1
2,26,20,1,3,2.000000,-1,1
0,26,20,1,3,2.000000,-1,1
0,26,20,1,3,1.000000,-1,1
2,26,20,1,3,2.000000,-1,1
2,26,20,1,3,1.000000,-1,1
0,1,2,21,4,6.000000,-1,0
4,1,2,21,4,6.000000,-1,0
1,1,2,21,4,6.000000,-1,0
5,1,2,21,4,6.000000,-1,0
2,1,2,21,4,6.000000,-1,0
6,1,2,21,4,6.000000,-1,0
3,1,2,21,4,5.000000,-1,0
3,8,21,2,5,11.000000,-1,0
7,8,21,2,5,11.000000,-1,0
3,8,21,2,5,2.000000,-1,0
7,8,21,2,5,4.000000,-1,0
4,8,21,2,5,11.000000,-1,0
0,8,21,2,5,11.000000,-1,0
4,8,21,2,5,5.000000,-1,0
0,8,21,2,5,4.000000,-1,0
5,8,21,2,5,11.000000,-1,0
1,8,21,2,5,7.000000,-1,0
1,18,21,2,5,11.000000,-1,0
3,18,21,2,5,11.000000,-1,0
5,18,21,2,5,11.000000,-1,0
7,18,21,2,5,11.000000,-1,0
1,18,21,2,5,7.000000,-1,0
3,18,21,2,5,7.000000,-1,0
5,18,21,2,5,7.000000,-1,0
7,18,21,2,5,7.000000,-1,0
2,18,21,2,5,10.000000,-1,0
6,21,21,2,5,5.000000,-1,0
2,21,21,2,5,6.000000,-1,0
6,21,21,2,5,6.000000,-1,0
2,21,21,2,5,6.000000,-1,0
6,21,21,2,5,6.000000,-1,0
2,21,21,2,5,4.000000,-1,0
6,21,21,2,5,4.000000,-1,0
1,21,21,2,5,4.000000,-1,0
5,27,21,2,5,2.000000,-1,0
1,27,21,2,5,7.000000,-1,0
6,27,21,2,5,11.000000,-1,0
2,27,21,2,5,10.000000,-1,0
6,27,21,2,5,4.000000,-1,0
3,27,21,2,5,5.000000,-1,0
7,27,21,2,5,3.000000,-1,0
0,27,21,2,5,7.000000,-1,0
4,27,21,2,5,8.000000,-1,0
4,27,21,2,5,1.000000,-1,0
0,18,3,21,6,11.000000,-1,0
2,18,3,21,6,11.000000,-1,0
4,18,3,21,6,11.000000,-1,0
6,18,3,21,6,11.000000,-1,0
0,18,3,21,6,7.000000,-1,0
2,18,3,21,6,7.000000,-1,0
4,18,3,21,6,7.000000,-1,0
6,18,3,21,6,7.000000,-1,0
1,18,3,21,6,10.000000,-1,0
1,22,3,21,6,8.000000,-1,0
5,22,3,21,6,8.000000,-1,0
3,22,3,21,6,8.000000,-1,0
7,22,3,21,6,8.000000,-1,0
3,22,3,21,6,8.000000,-1,0
3,22,3,21,6,2.000000,-1,0
5,22,3,21,6,8.000000,-1,0
5,22,3,21,6,2.000000,-1,0
7,22,3,21,6,6.000000,-1,0
5,0,21,3,7,10.000000,-1,1
3,0,21,3,7,10.000000,-1,1
1,0,21,3,7,10.000000,-1,1
7,0,21,3,7,10.000000,-1,1
6,0,21,3,7,8.000000,-1,1
4,0,21,3,7,10.000000,-1,1
2,0,21,3,7,10.000000,-1,1
0,0,21,3,7,6.000000,-1,1
3,11,21,3,7,6.000000,-1,1
7,11,21,3,7,6.000000,-1,1
4,11,21,3,7,5.000000,-1,1
0,11,21,3,7,6.000000,-1,1
5,11,21,3,7,6.000000,-1,1
1,11,21,3,7,6.000000,-1,1
5,11,21,3,7,4.000000,-1,1
4,29,21,3,7,9.000000,-1,1
3,29,21,3,7,8.000000,-1,1
7,29,21,3,7,3.000000,-1,1
5,29,21,3,7,4.000000,-1,1
6,29,21,3,7,9.000000,-1,1
6,29,21,3,7,1.000000,-1,1
6,29,21,3,7,2.000000,-1,1
0,29,21,3,7,10.000000,-1,1
0,29,21,3,7,1.000000,-1,1
0,29,21,3,7,1.000000,-1,1
0,16,4,22,8,2.000000,-1,0
2,16,4,22,8,2.000000,-1,0
4,16,4,22,8,2.000000,-1,0
6,16,4,22,8,2.000000,-1,0
0,16,4,22,8,1.000000,-1,0
0,23,4,22,8,8.000000,-1,0
4,23,4,22,8,9.000000,-1,0
1,23,4,22,8,10.000000,-1,0
5,23,4,22,8,10.000000,-1,0
1,23,4,22,8,1.000000,-1,0
6,23,4,22,8,9.000000,-1,0
2,23,4,22,8,9.000000,-1,0
7,23,4,22,8,10.000000,-1,0
3,23,4,22,8,8.000000,-1,0
3,6,22,4,9,7.000000,-1,0
7,6,22,4,9,8.000000,-1,0
4,6,22,4,9,8.000000,-1,0
0,6,22,4,9,8.000000,-1,0
5,6,22,4,9,8.000000,-1,0
1,6,22,4,9,8.000000,-1,0
6,6,22,4,9,8.000000,-1,0
2,6,22,4,9,2.000000,-1,0
4,14,22,4,9,8.000000,-1,0
0,14,22,4,9,8.000000,-1,0
5,14,22,4,9,8.000000,-1,0
1,14,22,4,9,8.000000,-1,0
6,14,22,4,9,8.000000,-1,0
2,14,22,4,9,8.000000,-1,0
7,14,22,4,9,8.000000,-1,0
2,14,22,4,9,3.000000,-1,0
2,14,22,4,9,3.000000,-1,0
0,17,5,22,10,11.000000,-1,0
4,17,5,22,10,11.000000,-1,0
0,17,5,22,10,8.000000,-1,0
5,17,5,22,10,11.000000,-1,0
1,17,5,22,10,11.000000,-1,0
5,17,5,22,10,8.000000,-1,0
2,17,5,22,10,11.000000,-1,0
6,17,5,22,10,11.000000,-1,0
1,24,5,22,10,8.000000,-1,0
6,24,5,22,10,8.000000,-1,0
2,24,5,22,10,8.000000,-1,0
7,24,5,22,10,9.000000,-1,0
3,24,5,22,10,9.000000,-1,0
7,24,5,22,10,9.000000,-1,0
3,24,5,22,10,9.000000,-1,0
3,24,5,22,10,1.000000,-1,0
4,24,5,22,10,5.000000,-1,0
4,9,22,5,11,9.000000,-1,1
0,9,22,5,11,8.000000,-1,1
4,9,22,5,11,2.000000,-1,1
1,9,22,5,11,8.000000,-1,1
5,9,22,5,11,8.000000,-1,1
2,9,22,5,11,10.000000,-1,1
6,9,22,5,11,10.000000,-1,1
2,9,22,5,11,1.000000,-1,1
1,16,22,5,11,2.000000,-1,1
3,16,22,5,11,2.000000,-1,1
5,16,22,5,11,2.000000,-1,1
7,16,22,5,11,2.000000,-1,1
1,16,22,5,11,1.000000,-1,1
0,2,6,23,12,6.000000,-1,0
6,2,6,23,12,6.000000,-1,0
4,2,6,23,12,6.000000,-1,0
2,2,6,23,12,6.000000,-1,0
0,2,6,23,12,6.000000,-1,0
6,2,6,23,12,6.000000,-1,0
4,2,6,23,12,5.000000,-1,0
0,11,6,23,12,6.000000,-1,0
4,11,6,23,12,6.000000,-1,0
1,11,6,23,12,6.000000,-1,0
5,11,6,23,12,6.000000,-1,0
1,11,6,23,12,6.000000,-1,0
6,11,6,23,12,6.000000,-1,0
2,11,6,23,12,5.000000,-1,0
1,25,6,23,12,6.000000,-1,0
5,25,6,23,12,8.000000,-1,0
2,25,6,23,12,7.000000,-1,0
7,25,6,23,12,8.000000,-1,0
3,25,6,23,12,8.000000,-1,0
7,25,6,23,12,8.000000,-1,0
4,25,6,23,12,1.000000,-1,0
3,25,6,23,12,8.000000,-1,0
3,25,6,23,12,2.000000,-1,0
5,25,6,23,12,2.000000,-1,0
3,4,23,6,13,10.000000,-1,0
7,4,23,6,13,10.000000,-1,0
4,4,23,6,13,9.000000,-1,0
0,4,23,6,13,10.000000,-1,0
4,4,23,6,13,1.000000,-1,0
1,4,23,6,13,9.000000,-1,0
5,4,23,6,13,10.000000,-1,0
1,4,23,6,13,1.000000,-1,0
0,3,7,23,14,8.000000,-1,0
4,3,7,23,14,8.000000,-1,0
0,3,7,23,14,8.000000,-1,0
5,3,7,23,14,8.000000,-1,0
1,3,7,23,14,8.000000,-1,0
6,3,7,23,14,8.000000,-1,0
2,3,7,23,14,8.000000,-1,0
7,3,7,23,14,2.000000,-1,0
1,12,7,23,14,8.000000,-1,0
5,12,7,23,14,8.000000,-1,0
2,12,7,23,14,8.000000,-1,0
6,12,7,23,14,8.000000,-1,0
3,12,7,23,14,8.000000,-1,0
7,12,7,23,14,8.000000,-1,0
3,12,7,23,14,8.000000,-1,0
7,12,7,23,14,2.000000,-1,0
4,26,7,23,14,2.000000,-1,0
4,26,7,23,14,2.000000,-1,0
4,26,7,23,14,2.000000,-1,0
4,26,7,23,14,2.000000,-1,0
7,26,7,23,14,1.000000,-1,0
3,7,23,7,15,2.000000,-1,1
7,7,23,7,15,2.000000,-1,1
4,7,23,7,15,2.000000,-1,1
0,7,23,7,15,2.000000,-1,1
5,7,23,7,15,1.000000,-1,1
1,0,20,24,16,10.000000,-1,2
7,0,20,24,16,10.000000,-1,2
5,0,20,24,16,10.000000,-1,2
3,0,20,24,16,10.000000,-1,2
1,0,20,24,16,8.000000,-1,2
0,0,20,24,16,10.000000,-1,2
6,0,20,24,16,10.000000,-1,2
4,0,20,24,16,6.000000,-1,2
2,14,20,24,16,9.000000,-1,2
6,14,20,24,16,8.000000,-1,2
2,14,20,24,16,9.000000,-1,2
7,14,20,24,16,8.000000,-1,2
3,14,20,24,16,8.000000,-1,2
0,14,20,24,16,8.000000,-1,2
4,14,20,24,16,9.000000,-1,2
4,14,20,24,16,3.000000,-1,2
5,14,20,24,16,4.000000,-1,2
1,15,20,26,18,8.000000,-1,3
5,15,20,26,18,8.000000,-1,3
2,15,20,26,18,8.000000,-1,3
6,15,20,26,18,8.000000,-1,3
3,15,20,26,18,8.000000,-1,3
7,15,20,26,18,8.000000,-1,3
4,15,20,26,18,8.000000,-1,3
0,15,20,26,18,2.000000,-1,3
4,2,26,20,19,6.000000,-1,2
2,2,26,20,19,6.000000,-1,2
0,2,26,20,19,6.000000,-1,2
6,2,26,20,19,6.000000,-1,2
4,2,26,20,19,6.000000,-1,2
2,2,26,20,19,6.000000,-1,2
0,2,26,20,19,5.000000,-1,2
2,10,26,20,19,6.000000,-1,2
6,10,26,20,19,6.000000,-1,2
3,10,26,20,19,6.000000,-1,2
7,10,26,20,19,6.000000,-1,2
4,10,26,20,19,6.000000,-1,2
0,10,26,20,19,6.000000,-1,2
5,10,26,20,19,5.000000,-1,2
2,17,26,20,19,9.000000,-1,2
6,17,26,20,19,11.000000,-1,2
3,17,26,20,19,8.000000,-1,2
7,17,26,20,19,11.000000,-1,2
3,17,26,20,19,11.000000,-1,2
7,17,26,20,19,8.000000,-1,2
4,17,26,20,19,9.000000,-1,2
0,17,26,20,19,10.000000,-1,2
3,20,26,20,19,2.000000,-1,2
7,20,26,20,19,2.000000,-1,2
5,20,26,20,19,6.000000,-1,2
1,20,26,20,19,6.000000,-1,2
5,20,26,20,19,6.000000,-1,2
1,20,26,20,19,1.000000,-1,2
5,20,26,20,19,1.000000,-1,2
5,20,26,20,19,5.000000,-1,2
6,20,26,20,19,1.000000,-1,2
6,20,26,20,19,3.000000,-1,2
1,20,26,20,19,1.000000,-1,2
1,26,26,20,19,2.000000,-1,2
5,26,26,20,19,2.000000,-1,2
5,26,26,20,19,1.000000,-1,2
1,26,26,20,19,2.000000,-1,2
1,26,26,20,19,1.000000,-1,2
4,0,25,21,21,10.000000,-1,2
2,0,25,21,21,10.000000,-1,2
0,0,25,21,21,10.000000,-1,2
6,0,25,21,21,10.000000,-1,2
5,0,25,21,21,8.000000,-1,2
3,0,25,21,21,10.000000,-1,2
1,0,25,21,21,10.000000,-1,2
7,0,25,21,21,6.000000,-1,2
4,27,25,21,21,2.000000,-1,2
0,27,25,21,21,11.000000,-1,2
5,27,25,21,21,11.000000,-1,2
1,27,25,21,21,11.000000,-1,2
5,27,25,21,21,10.000000,-1,2
1,27,25,21,21,8.000000,-1,2
6,27,25,21,21,9.000000,-1,2
6,27,25,21,21,7.000000,-1,2
0,27,25,21,21,8.000000,-1,2
2,27,25,21,21,1.000000,-1,2
3,29,25,21,21,9.000000,-1,2
2,29,25,21,21,8.000000,-1,2
6,29,25,21,21,3.000000,-1,2
4,29,25,21,21,7.000000,-1,2
2,29,25,21,21,9.000000,-1,2
2,29,25,21,21,1.000000,-1,2
4,29,25,21,21,2.000000,-1,2
7,29,25,21,21,10.000000,-1,2
7,29,25,21,21,1.000000,-1,2
7,29,25,21,21,6.000000,-1,2
1,1,21,27,22,6.000000,-1,3
5,1,21,27,22,6.000000,-1,3
2,1,21,27,22,6.000000,-1,3
6,1,21,27,22,6.000000,-1,3
3,1,21,27,22,6.000000,-1,3
7,1,21,27,22,6.000000,-1,3
4,1,21,27,22,5.000000,-1,3
2,22,21,27,22,7.000000,-1,3
6,22,21,27,22,7.000000,-1,3
4,22,21,27,22,8.000000,-1,3
0,22,21,27,22,8.000000,-1,3
5,22,21,27,22,7.000000,-1,3
7,22,21,27,22,2.000000,-1,3
7,22,21,27,22,5.000000,-1,3
0,22,21,27,22,2.000000,-1,3
0,22,21,27,22,3.000000,-1,3
2,8,27,21,23,11.000000,-1,2
6,8,27,21,23,11.000000,-1,2
2,8,27,21,23,2.000000,-1,2
6,8,27,21,23,4.000000,-1,2
3,8,27,21,23,11.000000,-1,2
7,8,27,21,23,11.000000,-1,2
3,8,27,21,23,5.000000,-1,2
7,8,27,21,23,4.000000,-1,2
4,8,27,21,23,11.000000,-1,2
0,8,27,21,23,7.000000,-1,2
2,11,27,21,23,6.000000,-1,2
6,11,27,21,23,6.000000,-1,2
3,11,27,21,23,5.000000,-1,2
7,11,27,21,23,6.000000,-1,2
4,11,27,21,23,6.000000,-1,2
0,11,27,21,23,6.000000,-1,2
4,11,27,21,23,4.000000,-1,2
5,21,27,21,23,5.000000,-1,2
1,21,27,21,23,6.000000,-1,2
5,21,27,21,23,6.000000,-1,2
1,21,27,21,23,6.000000,-1,2
5,21,27,21,23,6.000000,-1,2
1,21,27,21,23,4.000000,-1,2
5,21,27,21,23,4.000000,-1,2
0,21,27,21,23,4.000000,-1,2
3,5,22,26,24,9.000000,-1,3
1,5,22,26,24,9.000000,-1,3
7,5,22,26,24,9.000000,-1,3
5,5,22,26,24,9.000000,-1,3
3,5,22,26,24,9.000000,-1,3
2,5,22,26,24,9.000000,-1,3
0,5,22,26,24,9.000000,-1,3
6,5,22,26,24,3.000000,-1,3
1,17,22,26,24,11.000000,-1,3
5,17,22,26,24,11.000000,-1,3
1,17,22,26,24,8.000000,-1,3
6,17,22,26,24,11.000000,-1,3
2,17,22,26,24,11.000000,-1,3
6,17,22,26,24,8.000000,-1,3
3,17,22,26,24,11.000000,-1,3
7,17,22,26,24,11.000000,-1,3
1,23,22,26,24,8.000000,-1,3
5,23,22,26,24,9.000000,-1,3
2,23,22,26,24,10.000000,-1,3
6,23,22,26,24,10.000000,-1,3
2,23,22,26,24,1.000000,-1,3
7,23,22,26,24,9.000000,-1,3
3,23,22,26,24,9.000000,-1,3
0,23,22,26,24,10.000000,-1,3
4,23,22,26,24,8.000000,-1,3
2,24,22,26,24,8.000000,-1,3
7,24,22,26,24,8.000000,-1,3
3,24,22,26,24,8.000000,-1,3
0,24,22,26,24,9.000000,-1,3
4,24,22,26,24,9.000000,-1,3
0,24,22,26,24,9.000000,-1,3
4,24,22,26,24,9.000000,-1,3
4,24,22,26,24,1.000000,-1,3
5,24,22,26,24,5.000000,-1,3
4,28,22,26,24,11.000000,-1,3
2,28,22,26,24,7.000000,-1,3
0,28,22,26,24,9.000000,-1,3
6,28,22,26,24,10.000000,-1,3
5,28,22,26,24,10.000000,-1,3
7,28,22,26,24,9.000000,-1,3
1,28,22,26,24,10.000000,-1,3
4,28,22,26,24,5.000000,-1,3
2,5,24,22,27,9.000000,-1,3
0,5,24,22,27,9.000000,-1,3
6,5,24,22,27,9.000000,-1,3
4,5,24,22,27,9.000000,-1,3
2,5,24,22,27,9.000000,-1,3
1,5,24,22,27,9.000000,-1,3
7,5,24,22,27,9.000000,-1,3
5,5,24,22,27,3.000000,-1,3
2,6,24,22,27,7.000000,-1,3
6,6,24,22,27,8.000000,-1,3
3,6,24,22,27,8.000000,-1,3
7,6,24,22,27,8.000000,-1,3
4,6,24,22,27,8.000000,-1,3
0,6,24,22,27,8.000000,-1,3
5,6,24,22,27,8.000000,-1,3
1,6,24,22,27,2.000000,-1,3
3,9,24,22,27,9.000000,-1,3
7,9,24,22,27,8.000000,-1,3
3,9,24,22,27,8.000000,-1,3
0,9,24,22,27,8.000000,-1,3
4,9,24,22,27,8.000000,-1,3
1,9,24,22,27,10.000000,-1,3
5,9,24,22,27,10.000000,-1,3
1,9,24,22,27,4.000000,-1,3
3,14,24,22,27,9.000000,-1,3
7,14,24,22,27,8.000000,-1,3
3,14,24,22,27,9.000000,-1,3
0,14,24,22,27,8.000000,-1,3
4,14,24,22,27,8.000000,-1,3
1,14,24,22,27,8.000000,-1,3
5,14,24,22,27,9.000000,-1,3
5,14,24,22,27,3.000000,-1,3
6,14,24,22,27,4.000000,-1,3
2,28,24,22,27,11.000000,-1,3
1,28,24,22,27,10.000000,-1,3
7,28,24,22,27,10.000000,-1,3
5,28,24,22,27,10.000000,-1,3
4,28,24,22,27,10.000000,-1,3
6,28,24,22,27,11.000000,-1,3
6,28,24,22,27,11.000000,-1,3
0,28,24,22,27,5.000000,-1,3
1,2,23,27,28,6.000000,-1,3
7,2,23,27,28,6.000000,-1,3
5,2,23,27,28,6.000000,-1,3
3,2,23,27,28,6.000000,-1,3
1,2,23,27,28,6.000000,-1,3
7,2,23,27,28,6.000000,-1,3
5,2,23,27,28,5.000000,-1,3
1,11,23,27,28,6.000000,-1,3
5,11,23,27,28,6.000000,-1,3
2,11,23,27,28,6.000000,-1,3
6,11,23,27,28,6.000000,-1,3
2,11,23,27,28,6.000000,-1,3
7,11,23,27,28,6.000000,-1,3
3,11,23,27,28,5.000000,-1,3
2,12,23,27,28,8.000000,-1,3
6,12,23,27,28,8.000000,-1,3
3,12,23,27,28,8.000000,-1,3
7,12,23,27,28,8.000000,-1,3
4,12,23,27,28,8.000000,-1,3
0,12,23,27,28,8.000000,-1,3
4,12,23,27,28,8.000000,-1,3
0,12,23,27,28,2.000000,-1,3
4,13,23,27,28,9.000000,-1,3
2,13,23,27,28,8.000000,-1,3
1,13,23,27,28,9.000000,-1,3
7,13,23,27,28,2.000000,-1,3
5,13,23,27,28,9.000000,-1,3
6,13,23,27,28,10.000000,-1,3
6,13,23,27,28,4.000000,-1,3
1,13,23,27,28,1.000000,-1,3
5,26,23,27,28,2.000000,-1,3
0,26,23,27,28,2.000000,-1,3
0,26,23,27,28,2.000000,-1,3
0,26,23,27,28,2.000000,-1,3
0,26,23,27,28,1.000000,-1,3
2,7,27,23,29,2.000000,-1,3
6,7,27,23,29,2.000000,-1,3
2,7,27,23,29,2.000000,-1,3
7,7,27,23,29,2.000000,-1,3
3,7,27,23,29,1.000000,-1,3
2,19,27,23,29,7.000000,-1,3
0,19,27,23,29,10.000000,-1,3
6,19,27,23,29,9.000000,-1,3
4,19,27,23,29,10.000000,-1,3
3,19,27,23,29,10.000000,-1,3
1,19,27,23,29,10.000000,-1,3
7,19,27,23,29,9.000000,-1,3
5,19,27,23,29,4.000000,-1,3
1,3,23,25,30,8.000000,-1,2
5,3,23,25,30,8.000000,-1,2
1,3,23,25,30,8.000000,-1,2
6,3,23,25,30,8.000000,-1,2
2,3,23,25,30,8.000000,-1,2
7,3,23,25,30,8.000000,-1,2
3,3,23,25,30,8.000000,-1,2
0,3,23,25,30,2.000000,-1,2
3,19,23,25,30,7.000000,-1,2
1,19,23,25,30,8.000000,-1,2
7,19,23,25,30,9.000000,-1,2
5,19,23,25,30,10.000000,-1,2
4,19,23,25,30,10.000000,-1,2
2,19,23,25,30,10.000000,-1,2
0,19,23,25,30,9.000000,-1,2
6,19,23,25,30,4.000000,-1,2
2,25,23,25,30,6.000000,-1,2
6,25,23,25,30,8.000000,-1,2
3,25,23,25,30,7.000000,-1,2
0,25,23,25,30,8.000000,-1,2
4,25,23,25,30,8.000000,-1,2
0,25,23,25,30,5.000000,-1,2
5,25,23,25,30,1.000000,-1,2
4,25,23,25,30,6.000000,-1,2
5,25,23,25,30,2.000000,-1,2
6,25,23,25,30,2.000000,-1,2
2,4,25,23,31,10.000000,-1,3
6,4,25,23,31,10.000000,-1,3
2,4,25,23,31,9.000000,-1,3
7,4,25,23,31,10.000000,-1,3
3,4,25,23,31,10.000000,-1,3
7,4,25,23,31,9.000000,-1,3
4,4,25,23,31,10.000000,-1,3
0,4,25,23,31,4.000000,-1,3
3,13,25,23,31,9.000000,-1,3
1,13,25,23,31,10.000000,-1,3
0,13,25,23,31,9.000000,-1,3
6,13,25,23,31,9.000000,-1,3
4,13,25,23,31,9.000000,-1,3
5,13,25,23,31,10.000000,-1,3
5,13,25,23,31,9.000000,-1,3
0,13,25,23,31,6.000000,-1,3
1,28,16,24,33,11.000000,-1,2
0,28,16,24,33,11.000000,-1,2
6,28,16,24,33,11.000000,-1,2
4,28,16,24,33,11.000000,-1,2
2,28,16,24,33,11.000000,-1,2
3,28,16,24,33,11.000000,-1,2
5,28,16,24,33,11.000000,-1,2
7,28,16,24,33,5.000000,-1,2
2,0,24,17,34,10.000000,-1,1
0,0,24,17,34,10.000000,-1,1
6,0,24,17,34,10.000000,-1,1
4,0,24,17,34,10.000000,-1,1
3,0,24,17,34,8.000000,-1,1
1,0,24,17,34,10.000000,-1,1
7,0,24,17,34,10.000000,-1,1
5,0,24,17,34,6.000000,-1,1
1,5,17,24,35,9.000000,-1,2
7,5,17,24,35,9.000000,-1,2
5,5,17,24,35,9.000000,-1,2
3,5,17,24,35,9.000000,-1,2
1,5,17,24,35,9.000000,-1,2
0,5,17,24,35,9.000000,-1,2
6,5,17,24,35,9.000000,-1,2
4,5,17,24,35,3.000000,-1,2
1,6,17,24,35,7.000000,-1,2
5,6,17,24,35,8.000000,-1,2
2,6,17,24,35,8.000000,-1,2
6,6,17,24,35,8.000000,-1,2
3,6,17,24,35,8.000000,-1,2
7,6,17,24,35,8.000000,-1,2
4,6,17,24,35,8.000000,-1,2
0,6,17,24,35,2.000000,-1,2
2,9,17,24,35,9.000000,-1,2
6,9,17,24,35,8.000000,-1,2
2,9,17,24,35,8.000000,-1,2
7,9,17,24,35,8.000000,-1,2
3,9,17,24,35,8.000000,-1,2
0,9,17,24,35,10.000000,-1,2
4,9,17,24,35,10.000000,-1,2
0,9,17,24,35,4.000000,-1,2
4,19,25,17,36,7.000000,-1,1
2,19,25,17,36,8.000000,-1,1
0,19,25,17,36,9.000000,-1,1
6,19,25,17,36,10.000000,-1,1
5,19,25,17,36,10.000000,-1,1
3,19,25,17,36,10.000000,-1,1
1,19,25,17,36,9.000000,-1,1
7,19,25,17,36,4.000000,-1,1
3,25,25,17,36,6.000000,-1,1
7,25,25,17,36,8.000000,-1,1
4,25,25,17,36,7.000000,-1,1
1,25,25,17,36,8.000000,-1,1
5,25,25,17,36,7.000000,-1,1
2,25,25,17,36,5.000000,-1,1
6,25,25,17,36,1.000000,-1,1
6,25,25,17,36,6.000000,-1,1
7,25,25,17,36,2.000000,-1,1
7,25,25,17,36,2.000000,-1,1
3,0,17,25,37,10.000000,-1,3
1,0,17,25,37,10.000000,-1,3
7,0,17,25,37,10.000000,-1,3
5,0,17,25,37,10.000000,-1,3
4,0,17,25,37,8.000000,-1,3
2,0,17,25,37,10.000000,-1,3
0,0,17,25,37,10.000000,-1,3
6,0,17,25,37,6.000000,-1,3
2,29,17,25,37,9.000000,-1,3
7,29,17,25,37,8.000000,-1,3
5,29,17,25,37,9.000000,-1,3
3,29,17,25,37,7.000000,-1,3
0,29,17,25,37,9.000000,-1,3
1,29,17,25,37,1.000000,-1,3
3,29,17,25,37,2.000000,-1,3
4,29,17,25,37,10.000000,-1,3
4,29,17,25,37,1.000000,-1,3
6,29,17,25,37,6.000000,-1,3
2,3,25,16,38,8.000000,-1,0
6,3,25,16,38,8.000000,-1,0
3,3,25,16,38,8.000000,-1,0
7,3,25,16,38,8.000000,-1,0
4,3,25,16,38,8.000000,-1,0
0,3,25,16,38,8.000000,-1,0
5,3,25,16,38,8.000000,-1,0
1,3,25,16,38,2.000000,-1,0
1,4,16,25,39,10.000000,-1,3
5,4,16,25,39,10.000000,-1,3
1,4,16,25,39,10.000000,-1,3
6,4,16,25,39,10.000000,-1,3
2,4,16,25,39,10.000000,-1,3
6,4,16,25,39,10.000000,-1,3
3,4,16,25,39,10.000000,-1,3
7,4,16,25,39,4.000000,-1,3
1,13,16,25,39,9.000000,-1,3
0,13,16,25,39,10.000000,-1,3
6,13,16,25,39,9.000000,-1,3
5,13,16,25,39,10.000000,-1,3
3,13,16,25,39,10.000000,-1,3
2,13,16,25,39,10.000000,-1,3
2,13,16,25,39,9.000000,-1,3
3,13,16,25,39,7.000000,-1,3
3,27,16,25,39,2.000000,-1,3
7,27,16,25,39,11.000000,-1,3
4,27,16,25,39,11.000000,-1,3
0,27,16,25,39,11.000000,-1,3
4,27,16,25,39,11.000000,-1,3
0,27,16,25,39,8.000000,-1,3
5,27,16,25,39,9.000000,-1,3
4,27,16,25,39,7.000000,-1,3
7,27,16,25,39,11.000000,-1,3
7,27,16,25,39,1.000000,-1,3
4,5,26,18,40,9.000000,-1,0
2,5,26,18,40,9.000000,-1,0
0,5,26,18,40,9.000000,-1,0
6,5,26,18,40,9.000000,-1,0
4,5,26,18,40,9.000000,-1,0
3,5,26,18,40,9.000000,-1,0
1,5,26,18,40,9.000000,-1,0
7,5,26,18,40,3.000000,-1,0
5,28,26,18,40,11.000000,-1,0
3,28,26,18,40,7.000000,-1,0
1,28,26,18,40,9.000000,-1,0
7,28,26,18,40,10.000000,-1,0
6,28,26,18,40,10.000000,-1,0
0,28,26,18,40,9.000000,-1,0
2,28,26,18,40,10.000000,-1,0
5,28,26,18,40,5.000000,-1,0
1,10,18,26,41,6.000000,-1,2
5,10,18,26,41,6.000000,-1,2
2,10,18,26,41,6.000000,-1,2
6,10,18,26,41,6.000000,-1,2
3,10,18,26,41,6.000000,-1,2
7,10,18,26,41,6.000000,-1,2
4,10,18,26,41,5.000000,-1,2
2,15,26,19,42,8.000000,-1,1
6,15,26,19,42,8.000000,-1,1
3,15,26,19,42,8.000000,-1,1
7,15,26,19,42,8.000000,-1,1
4,15,26,19,42,8.000000,-1,1
0,15,26,19,42,8.000000,-1,1
5,15,26,19,42,8.000000,-1,1
1,15,26,19,42,2.000000,-1,1
2,23,26,19,42,8.000000,-1,1
6,23,26,19,42,9.000000,-1,1
3,23,26,19,42,10.000000,-1,1
7,23,26,19,42,10.000000,-1,1
3,23,26,19,42,1.000000,-1,1
0,23,26,19,42,9.000000,-1,1
4,23,26,19,42,9.000000,-1,1
1,23,26,19,42,10.000000,-1,1
5,23,26,19,42,8.000000,-1,1
3,24,26,19,42,6.000000,-1,1
0,24,26,19,42,8.000000,-1,1
4,24,26,19,42,8.000000,-1,1
1,24,26,19,42,9.000000,-1,1
5,24,26,19,42,9.000000,-1,1
1,24,26,19,42,4.000000,-1,1
6,24,26,19,42,8.000000,-1,1
7,24,26,19,42,1.000000,-1,1
7,24,26,19,42,5.000000,-1,1
3,2,19,26,43,6.000000,-1,2
1,2,19,26,43,6.000000,-1,2
7,2,19,26,43,6.000000,-1,2
5,2,19,26,43,6.000000,-1,2
3,2,19,26,43,6.000000,-1,2
1,2,19,26,43,6.000000,-1,2
7,2,19,26,43,5.000000,-1,2
2,20,19,26,43,3.000000,-1,2
6,20,19,26,43,5.000000,-1,2
2,20,19,26,43,6.000000,-1,2
0,20,19,26,43,6.000000,-1,2
4,20,19,26,43,6.000000,-1,2
0,20,19,26,43,1.000000,-1,2
4,20,19,26,43,1.000000,-1,2
4,20,19,26,43,5.000000,-1,2
5,20,19,26,43,1.000000,-1,2
5,20,19,26,43,5.000000,-1,2
7,20,19,26,43,1.000000,-1,2
0,26,19,26,43,2.000000,-1,2
2,26,19,26,43,2.000000,-1,2
2,26,19,26,43,1.000000,-1,2
6,26,19,26,43,2.000000,-1,2
6,26,19,26,43,1.000000,-1,2
2,2,27,19,44,6.000000,-1,1
0,2,27,19,44,6.000000,-1,1
6,2,27,19,44,6.000000,-1,1
4,2,27,19,44,6.000000,-1,1
2,2,27,19,44,6.000000,-1,1
0,2,27,19,44,6.000000,-1,1
6,2,27,19,44,5.000000,-1,1
3,12,27,19,44,8.000000,-1,1
7,12,27,19,44,8.000000,-1,1
4,12,27,19,44,8.000000,-1,1
0,12,27,19,44,2.000000,-1,1
5,12,27,19,44,8.000000,-1,1
1,12,27,19,44,8.000000,-1,1
5,12,27,19,44,6.000000,-1,1
1,12,27,19,44,2.000000,-1,1
6,26,27,19,44,2.000000,-1,1
1,26,27,19,44,2.000000,-1,1
1,26,27,19,44,2.000000,-1,1
2,26,27,19,44,2.000000,-1,1
3,26,27,19,44,1.000000,-1,1
1,7,19,27,45,2.000000,-1,3
5,7,19,27,45,2.000000,-1,3
1,7,19,27,45,2.000000,-1,3
6,7,19,27,45,2.000000,-1,3
2,7,19,27,45,1.000000,-1,3
1,8,19,27,45,11.000000,-1,3
5,8,19,27,45,11.000000,-1,3
1,8,19,27,45,2.000000,-1,3
5,8,19,27,45,4.000000,-1,3
2,8,19,27,45,11.000000,-1,3
6,8,19,27,45,11.000000,-1,3
2,8,19,27,45,5.000000,-1,3
6,8,19,27,45,4.000000,-1,3
3,8,19,27,45,11.000000,-1,3
7,8,19,27,45,7.000000,-1,3
3,21,19,27,45,5.000000,-1,3
0,21,19,27,45,6.000000,-1,3
4,21,19,27,45,6.000000,-1,3
0,21,19,27,45,6.000000,-1,3
4,21,19,27,45,6.000000,-1,3
0,21,19,27,45,4.000000,-1,3
4,21,19,27,45,4.000000,-1,3
7,21,19,27,45,4.000000,-1,3
2,1,27,18,46,6.000000,-1,0
6,1,27,18,46,6.000000,-1,0
3,1,27,18,46,6.000000,-1,0
7,1,27,18,46,6.000000,-1,0
4,1,27,18,46,6.000000,-1,0
0,1,27,18,46,6.000000,-1,0
5,1,27,18,46,5.000000,-1,0
5,13,27,18,46,9.000000,-1,0
3,13,27,18,46,8.000000,-1,0
2,13,27,18,46,9.000000,-1,0
0,13,27,18,46,2.000000,-1,0
6,13,27,18,46,9.000000,-1,0
7,13,27,18,46,10.000000,-1,0
7,13,27,18,46,4.000000,-1,0
2,13,27,18,46,1.000000,-1,0
3,22,27,18,46,7.000000,-1,0
7,22,27,18,46,2.000000,-1,0
5,22,27,18,46,8.000000,-1,0
1,22,27,18,46,8.000000,-1,0
6,22,27,18,46,7.000000,-1,0
0,22,27,18,46,2.000000,-1,0
0,22,27,18,46,5.000000,-1,0
1,22,27,18,46,2.000000,-1,0
1,22,27,18,46,3.000000,-1,0
1,19,18,27,47,10.000000,-1,3
7,19,18,27,47,10.000000,-1,3
5,19,18,27,47,10.000000,-1,3
3,19,18,27,47,10.000000,-1,3
2,19,18,27,47,10.000000,-1,3
0,19,18,27,47,10.000000,-1,3
6,19,18,27,47,10.000000,-1,3
4,19,18,27,47,4.000000,-1,3
0,4,8,16,48,10.000000,-1,0
4,4,8,16,48,10.000000,-1,0
0,4,8,16,48,10.000000,-1,0
5,4,8,16,48,10.000000,-1,0
1,4,8,16,48,10.000000,-1,0
5,4,8,16,48,10.000000,-1,0
2,4,8,16,48,10.000000,-1,0
6,4,8,16,48,4.000000,-1,0
0,13,8,16,48,9.000000,-1,0
7,13,8,16,48,10.000000,-1,0
5,13,8,16,48,9.000000,-1,0
4,13,8,16,48,10.000000,-1,0
2,13,8,16,48,10.000000,-1,0
1,13,8,16,48,10.000000,-1,0
1,13,8,16,48,9.000000,-1,0
2,13,8,16,48,7.000000,-1,0
2,27,8,16,48,2.000000,-1,0
6,27,8,16,48,11.000000,-1,0
3,27,8,16,48,11.000000,-1,0
7,27,8,16,48,11.000000,-1,0
3,27,8,16,48,11.000000,-1,0
7,27,8,16,48,8.000000,-1,0
4,27,8,16,48,9.000000,-1,0
3,27,8,16,48,7.000000,-1,0
6,27,8,16,48,11.000000,-1,0
6,27,8,16,48,1.000000,-1,0
0,28,9,16,50,11.000000,-1,0
7,28,9,16,50,11.000000,-1,0
5,28,9,16,50,11.000000,-1,0
3,28,9,16,50,11.000000,-1,0
1,28,9,16,50,11.000000,-1,0
2,28,9,16,50,11.000000,-1,0
4,28,9,16,50,11.000000,-1,0
6,28,9,16,50,5.000000,-1,0
3,3,16,9,51,8.000000,-1,1
7,3,16,9,51,8.000000,-1,1
4,3,16,9,51,8.000000,-1,1
0,3,16,9,51,8.000000,-1,1
5,3,16,9,51,8.000000,-1,1
1,3,16,9,51,8.000000,-1,1
6,3,16,9,51,8.000000,-1,1
2,3,16,9,51,2.000000,-1,1
0,5,10,17,52,9.000000,-1,0
6,5,10,17,52,9.000000,-1,0
4,5,10,17,52,9.000000,-1,0
2,5,10,17,52,9.000000,-1,0
0,5,10,17,52,9.000000,-1,0
7,5,10,17,52,9.000000,-1,0
5,5,10,17,52,9.000000,-1,0
3,5,10,17,52,3.000000,-1,0
0,9,10,17,52,9.000000,-1,0
5,9,10,17,52,10.000000,-1,0
1,9,10,17,52,10.000000,-1,0
5,9,10,17,52,8.000000,-1,0
2,9,10,17,52,10.000000,-1,0
6,9,10,17,52,10.000000,-1,0
3,9,10,17,52,10.000000,-1,0
7,9,10,17,52,7.000000,-1,0
1,29,10,17,52,10.000000,-1,0
6,29,10,17,52,8.000000,-1,0
4,29,10,17,52,10.000000,-1,0
1,29,10,17,52,7.000000,-1,0
7,29,10,17,52,10.000000,-1,0
7,29,10,17,52,1.000000,-1,0
2,29,10,17,52,8.000000,-1,0
3,29,10,17,52,10.000000,-1,0
3,29,10,17,52,4.000000,-1,0
4,29,10,17,52,6.000000,-1,0
5,19,17,10,53,7.000000,-1,0
3,19,17,10,53,8.000000,-1,0
1,19,17,10,53,9.000000,-1,0
7,19,17,10,53,10.000000,-1,0
6,19,17,10,53,10.000000,-1,0
4,19,17,10,53,10.000000,-1,0
2,19,17,10,53,9.000000,-1,0
0,19,17,10,53,4.000000,-1,0
0,6,11,17,54,8.000000,-1,0
4,6,11,17,54,8.000000,-1,0
1,6,11,17,54,8.000000,-1,0
5,6,11,17,54,8.000000,-1,0
2,6,11,17,54,8.000000,-1,0
6,6,11,17,54,8.000000,-1,0
3,6,11,17,54,8.000000,-1,0
7,6,11,17,54,2.000000,-1,0
4,25,17,11,55,6.000000,-1,1
0,25,17,11,55,8.000000,-1,1
5,25,17,11,55,7.000000,-1,1
2,25,17,11,55,8.000000,-1,1
6,25,17,11,55,7.000000,-1,1
3,25,17,11,55,5.000000,-1,1
7,25,17,11,55,1.000000,-1,1
7,25,17,11,55,6.000000,-1,1
1,25,17,11,55,2.000000,-1,1
1,25,17,11,55,2.000000,-1,1
0,10,12,18,56,6.000000,-1,0
4,10,12,18,56,6.000000,-1,0
1,10,12,18,56,6.000000,-1,0
5,10,12,18,56,6.000000,-1,0
2,10,12,18,56,6.000000,-1,0
6,10,12,18,56,6.000000,-1,0
3,10,12,18,56,5.000000,-1,0
3,1,18,12,57,6.000000,-1,0
7,1,18,12,57,6.000000,-1,0
4,1,18,12,57,6.000000,-1,0
0,1,18,12,57,6.000000,-1,0
5,1,18,12,57,6.000000,-1,0
1,1,18,12,57,6.000000,-1,0
6,1,18,12,57,5.000000,-1,0
5,5,18,12,57,8.000000,-1,0
3,5,18,12,57,8.000000,-1,0
1,5,18,12,57,8.000000,-1,0
7,5,18,12,57,8.000000,-1,0
6,5,18,12,57,9.000000,-1,0
4,5,18,12,57,8.000000,-1,0
2,5,18,12,57,9.000000,-1,0
0,5,18,12,57,3.000000,-1,0
0,19,13,18,58,10.000000,-1,0
6,19,13,18,58,10.000000,-1,0
4,19,13,18,58,10.000000,-1,0
2,19,13,18,58,10.000000,-1,0
1,19,13,18,58,10.000000,-1,0
7,19,13,18,58,10.000000,-1,0
5,19,13,18,58,10.000000,-1,0
3,19,13,18,58,4.000000,-1,0
6,13,18,13,59,9.000000,-1,1
4,13,18,13,59,8.000000,-1,1
3,13,18,13,59,9.000000,-1,1
1,13,18,13,59,2.000000,-1,1
7,13,18,13,59,9.000000,-1,1
0,13,18,13,59,10.000000,-1,1
0,13,18,13,59,4.000000,-1,1
3,13,18,13,59,1.000000,-1,1
4,22,18,13,59,7.000000,-1,1
0,22,18,13,59,2.000000,-1,1
6,22,18,13,59,8.000000,-1,1
2,22,18,13,59,8.000000,-1,1
7,22,18,13,59,7.000000,-1,1
1,22,18,13,59,2.000000,-1,1
1,22,18,13,59,5.000000,-1,1
2,22,18,13,59,2.000000,-1,1
2,22,18,13,59,3.000000,-1,1
6,28,18,13,59,10.000000,-1,1
4,28,18,13,59,7.000000,-1,1
2,28,18,13,59,9.000000,-1,1
0,28,18,13,59,10.000000,-1,1
7,28,18,13,59,10.000000,-1,1
1,28,18,13,59,9.000000,-1,1
3,28,18,13,59,10.000000,-1,1
7,28,18,13,59,1.000000,-1,1
0,7,14,19,60,2.000000,-1,0
4,7,14,19,60,2.000000,-1,0
0,7,14,19,60,2.000000,-1,0
5,7,14,19,60,2.000000,-1,0
1,7,14,19,60,1.000000,-1,0
0,20,14,19,60,3.000000,-1,0
5,20,14,19,60,5.000000,-1,0
1,20,14,19,60,6.000000,-1,0
7,20,14,19,60,6.000000,-1,0
3,20,14,19,60,6.000000,-1,0
7,20,14,19,60,1.000000,-1,0
3,20,14,19,60,1.000000,-1,0
2,20,14,19,60,6.000000,-1,0
2,20,14,19,60,1.000000,-1,0
4,20,14,19,60,5.000000,-1,0
6,20,14,19,60,1.000000,-1,0
4,12,19,14,61,8.000000,-1,0
0,12,19,14,61,8.000000,-1,0
5,12,19,14,61,8.000000,-1,0
1,12,19,14,61,2.000000,-1,0
6,12,19,14,61,8.000000,-1,0
2,12,19,14,61,8.000000,-1,0
6,12,19,14,61,6.000000,-1,0
2,12,19,14,61,2.000000,-1,0
3,23,19,14,61,8.000000,-1,0
7,23,19,14,61,9.000000,-1,0
4,23,19,14,61,9.000000,-1,0
0,23,19,14,61,9.000000,-1,0
5,23,19,14,61,1.000000,-1,0
1,23,19,14,61,9.000000,-1,0
5,23,19,14,61,8.000000,-1,0
2,23,19,14,61,7.000000,-1,0
6,23,19,14,61,3.000000,-1,0
0,8,15,19,62,11.000000,-1,0
4,8,15,19,62,11.000000,-1,0
0,8,15,19,62,5.000000,-1,0
4,8,15,19,62,5.000000,-1,0
1,8,15,19,62,11.000000,-1,0
5,8,15,19,62,11.000000,-1,0
1,8,15,19,62,5.000000,-1,0
5,8,15,19,62,5.000000,-1,0
2,8,15,19,62,11.000000,-1,0
6,8,15,19,62,7.000000,-1,0
2,21,15,19,62,5.000000,-1,0
7,21,15,19,62,6.000000,-1,0
3,21,15,19,62,6.000000,-1,0
7,21,15,19,62,6.000000,-1,0
3,21,15,19,62,6.000000,-1,0
7,21,15,19,62,4.000000,-1,0
3,21,15,19,62,4.000000,-1,0
6,21,15,19,62,4.000000,-1,0
3,15,19,15,63,8.000000,-1,1
7,15,19,15,63,8.000000,-1,1
4,15,19,15,63,8.000000,-1,1
0,15,19,15,63,8.000000,-1,1
5,15,19,15,63,8.000000,-1,1
1,15,19,15,63,8.000000,-1,1
6,15,19,15,63,8.000000,-1,1
2,15,19,15,63,2.000000,-1,1
4,24,19,15,63,6.000000,-1,1
1,24,19,15,63,8.000000,-1,1
5,24,19,15,63,8.000000,-1,1
2,24,19,15,63,9.000000,-1,1
6,24,19,15,63,8.000000,-1,1
2,24,19,15,63,4.000000,-1,1
7,24,19,15,63,8.000000,-1,1
0,24,19,15,63,1.000000,-1,1
0,24,19,15,63,5.000000,-1,1
