# vertex , MCSL core
0,0
1,1
3,2
4,3
8,4
9,5
11,6
12,7
20,8
21,9
23,10
24,11
28,12
29,13
31,14
32,15
# TASK_MSG_START, L , ALPHA
0.25,1,1
# task , task start times
0,0,155,314,433,606,754,954,1119,1250,1374,1535,1672,1864,2015,2148,2328,2494,2652,2830,3002
1,0,179,338,480,602,747,863,1041,1192,1353,1485,1668,1837,1981,2116,2290,2429,2614,2750,2917
2,3134,4134,4986,5718,6455,7222,7938,8763,9464,10371,11223,11977,12947,13675,14492,15257,16071,16871,17871,18538
3,3094,3835,4704,5594,6377,7072,7889,8563,9375,10206,10997,11649,12453,13093,13750,14507,15435,16128,16778,17604
4,0,1700,3005,4594,6118,7316,8932,10915,12261,14087,17525,22545,23948,27312,30766,34000,35335,52195,77455,78920
5,120384,124710,140373,148855,157507,161244,173408,192867,209707,213495,218571,222900,226767,233271,237347,242456,250322,254935,259441,262837
6,3337,4266,5135,5742,6561,7169,7755,8599,9473,10156,11064,12038,12904,13781,14671,15381,15947,16904,17799,18738
7,36665,38004,42283,48314,49861,52617,56942,62301,64034,67557,73852,78824,81974,83660,85150,86807,90109,91838,99168,108577
8,0,176,354,497,667,840,1024,1171,1353,1528,1651,1834,2001,2190,2351,2510,2703,2868,2966,3144
9,411144,455082,464182,474223,483014,493266,500063,508668,516682,526622,536146,544384,552655,564055,574240,583352,591484,601743,610967,621752
10,435346,458577,467837,480160,490083,511387,530889,551436,572639,637819,647278,680474,692134,701442,713255,724414,733968,782652,793579,827880
11,103726,141408,148276,154087,160393,171125,177680,183306,196919,209493,220101,232730,243831,282873,288149,295157,316771,334242,339762,376538
12,28562,39989,51977,54377,57014,59473,64298,68337,73990,76005,82218,84393,86680,88906,91021,93531,96144,97903,100453,102573
13,94063,97558,109763,133177,141509,148953,161572,172252,204087,210740,214666,231254,234443,242278,249475,253542,269722,285701,298041,305568
14,4598,13306,15133,19715,26080,29154,37059,38673,45226,51341,52808,54254,57644,62619,64194,70708,73952,75611,80202,81900
15,110102,112712,115125,118050,120313,122613,125333,128127,130780,133342,135920,138208,140410,142934,145431,147738,150232,157398,178403,180644
16,18413,19942,21780,23612,25254,27009,28682,30339,31863,33557,37490,39044,40602,42212,45609,47175,48758,53692,61577,63143
17,0,1553,3447,8220,16880,18139,22609,24080,30750,40386,42259,43616,48135,49746,60828,78943,83733,85226,91873,95070
18,51149,54668,57668,61663,65520,70155,74809,79018,83098,87319,90737,94082,97544,100896,108913,112396,116370,120213,123163,126992
19,173101,178453,185611,192332,198438,205102,210569,218023,225060,231948,238598,244082,250893,257976,263013,268540,274142,280601,288306,294681
20,79301,84754,90098,94544,99079,104190,108409,114048,118944,125344,130150,135275,141675,146393,152467,158626,163556,168922,173245,177455
21,266605,275915,284580,293721,301633,311745,321244,329625,340005,350004,357729,366710,374371,380656,389227,397046,406332,414187,423702,434420
22,0,2333,5333,7480,10436,12825,15341,17830,20576,22638,24962,27881,30851,33549,35281,37495,39624,42159,44222,46375
23,0,1739,3426,5022,6779,8290,9448,10646,12223,13903,15573,17037,18783,20551,21940,23444,24922,26748,28256,29546
24,31623,43562,62474,85307,97242,115952,127140,167049,203671,210021,216757,222793,228052,239963,246028,276065,316580,334349,369514,387545
25,481964,528746,548050,556445,620855,647167,660040,694849,703675,728137,738737,749337,762682,791580,801015,809629,816036,825551,832540,840092
26,0,1563,3031,4644,6089,7862,9328,11299,12752,14478,15877,17834,19293,20778,22299,23953,25820,27491,29044,30677
27,15770,38784,40517,42485,44500,46742,50272,62640,68105,69595,73440,75411,83785,87593,91396,107494,111655,118981,123454,127799
28,331050,354896,367564,372592,385501,391697,408767,414636,426890,440990,447319,453437,460497,473672,505039,511195,517376,523038,529666,548286
29,0,548,1186,1964,2564,3231,3765,4247,4815,5443,5942,6460,7037,7532,8167,8849,9405,10006,10709,11480
30,0,3429,11206,26769,29867,33669,37459,64654,73303,77393,81177,93237,111047,131852,134947,164694,168156,194483,216386,267521
31,96659,100861,104200,108047,110838,114105,117470,121206,124235,128519,132006,135960,139494,143715,148220,153020,157056,161084,165208,169165
32,30555,34459,36771,38976,41507,43601,45747,48739,50625,53253,55887,57763,60342,62992,65570,67591,69895,72035,74374,76655
33,0,1610,3362,5057,6607,8269,10132,11595,13477,14848,16392,18191,19680,21227,22779,24337,25858,27434,29068,32947
34,124416,129833,148308,184876,190962,200872,218582,243605,262185,267159,271860,276009,281789,293028,298394,313733,337830,343175,366239,370901
35,353577,384138,393503,403854,412695,420064,430912,440680,450650,461799,470252,479606,488214,497575,507609,515245,524210,532435,542728,551355
36,1270713,1344362,1373309,1380399,1390537,1401262,1411490,1420076,1429328,1437563,1448296,1456067,1464356,1474692,1482985,1493456,1504962,1516019,1527693,1538672
37,19539,21332,23594,25134,27101,30951,33173,35529,37820,42457,44403,46659,48553,50476,62294,66743,70271,72238,78289,80293
38,37713,55434,67998,73881,79103,91334,121701,134411,152688,173052,178798,184732,191027,197475,252933,258828,270108,289714,328937,351563
39,45950,84468,97589,101874,151536,185759,203717,211685,231753,286226,317927,321588,338517,343175,352146,355937,368821,378630,414556,439289
40,294336,306775,327349,337356,343059,349479,356258,360990,367458,374251,380063,386574,392828,398981,404851,420038,427755,434607,441432,449170
41,12193,13874,15804,17643,19788,21683,23473,25671,27495,29143,31133,32995,34778,36613,38632,40771,42962,45313,47605,49336
42,0,1264,2764,6305,7723,9319,11067,12916,16580,18291,19849,21384,22961,24419,25823,27389,30671,38236,39897,47446
43,182141,189567,197296,204886,214734,222755,231864,239600,249733,260204,268511,277434,287049,297287,307942,317928,325530,334964,344034,352948
44,48678,53310,57573,63591,68595,73509,78566,84128,90024,95309,100771,106405,111433,115979,121289,126690,131398,136682,141187,146574
45,236795,245401,254267,263922,276155,286824,299788,309837,319826,330009,339317,350939,362335,372910,382386,391805,405005,414317,424289,434291
46,59963,95862,98186,100438,103438,105334,109409,113954,116637,121283,125194,130133,136324,138856,141412,143554,145818,148291,150592,155899
47,104688,108682,112986,116787,129271,133586,137088,144820,153707,166119,170137,177765,181918,185629,189369,196573,200452,205003,230134,247027
48,647172,653104,751515,756871,867998,900954,979335,1018833,1024207,1031472,1077831,1104609,1117387,1143939,1216348,1256413,1305807,1312743,1318853,1337042
49,22169,41420,50349,119059,138709,176472,190788,198576,249753,271077,275721,294772,312989,347954,360914,364571,374174,387461,399987,460940
50,154708,233652,249732,287085,307825,318386,325325,332020,348401,354004,361123,377301,383669,389945,396963,404547,411465,416641,424627,429134
51,19158,20713,25399,28757,31901,36926,48645,54195,55907,58307,64454,66303,71845,80343,82250,85543,89364,93462,132367,134367
52,152367,167684,187189,202620,224820,240541,256832,271078,289097,309845,327103,342980,358731,375261,393784,412083,427661,448084,464946,478909
53,32407,44451,58207,71765,87393,102780,117697,130265,142869,156203,169677,181895,192905,208591,219287,235405,249784,263335,276101,290894
54,0,5598,11340,18687,24469,30097,36642,42291,47613,53265,59858,66261,72954,79245,84331,90664,95484,102314,108934,114620
55,104442,114636,120796,125996,132417,139020,146094,152956,159403,165251,172047,179847,185945,192905,199433,205870,211690,216393,224193,230528
56,55401,106597,115023,127385,142632,235557,240759,245317,254030,262892,281176,298078,303229,382966,392471,396174,410695,423639,443956,465485
57,446788,500372,520241,542304,560935,584440,593973,604168,614890,626032,658098,668361,745468,758666,771895,803802,817121,839078,848867,860701
58,130627,135852,165390,190201,202988,213469,225633,237749,250958,258306,263022,270139,276809,302275,309249,321928,326680,346626,363189,369887
59,6339,9728,11429,21049,27755,32418,33899,35455,46769,55768,59125,65766,67430,68959,72327,77227,86702,88602,90302,93736
60,7274,14978,18085,60013,69165,89039,123090,148232,156389,160097,172428,181383,207923,220011,224094,227399,259093,290279,308636,326771
61,34440,36232,43122,49096,51496,55131,63180,65257,67214,71278,72982,74981,78834,82590,87802,91262,95937,97843,105917,107800
62,331455,404737,418361,428068,433257,447905,454497,470618,476679,503923,510042,515651,522294,542643,563162,567850,581347,586990,601782,654586
63,490562,497235,535814,574430,593382,606930,614497,626610,633119,640354,668074,674688,683088,689001,711636,720036,755598,769099,776956,784271
64,4056,14484,28996,32257,41071,45364,53591,57346,59259,61275,69326,76927,80755,84522,85885,89493,93662,99878,102183,103838
65,109661,114631,119205,135413,139809,144199,161337,165984,171051,175046,180140,196208,205997,210527,214034,222933,228533,239022,257732,302884
66,31321,34604,38940,42473,46988,50487,53936,57888,61384,65312,69317,73467,78267,82594,85978,89967,93492,97237,100933,110910
67,49229,103286,108869,140162,146916,159467,233511,264255,283665,294599,301632,309632,322547,339371,346525,357059,363691,375373,381969,391915
68,152730,158366,161539,164475,173627,177243,180843,185061,188625,192914,196429,199891,207887,216251,244108,248133,269146,285712,299369,302991
69,160110,232718,240765,287808,303520,307774,370978,405671,418117,452529,473128,500233,511031,514598,535577,549674,575932,593752,606437,667153
70,169275,203455,212583,221010,225014,229170,234429,238992,252594,256699,260149,264850,272673,277279,281358,288825,314027,318118,322154,332766
71,639711,694163,861403,947960,966520,973051,1005326,1039146,1084397,1098528,1124040,1154241,1167709,1204577,1223350,1244113,1249932,1263660,1288177,1330852
72,610063,779523,793711,839983,877214,918569,954020,991304,1012057,1052787,1060023,1091088,1110842,1173740,1192191,1198223,1300047,1325331,1359170,1365309
73,323924,337674,343620,349071,360981,378364,397911,403933,420106,433559,466673,479541,485713,491964,498444,536279,542773,554904,561029,566432
74,168125,174870,216786,245147,276202,283769,312099,316899,320560,331247,355263,379641,383484,386856,432113,465954,566237,598231,601904,686136
75,413452,588582,620851,634037,663201,707075,729335,773819,806248,815764,821625,872726,883096,889111,907494,936273,1066549,1131039,1136944,1237702
76,0,1601,3192,4681,6331,8156,9602,11439,12702,14044,15714,17196,19003,20396,21862,23443,25011,26737,28275,29775
77,164078,183090,201333,236767,253591,272400,296124,338621,359107,391359,402296,420941,441787,461771,469622,493499,539505,580695,625780,629700
78,32282,44883,54049,58469,65811,68962,70729,72537,75281,77069,80392,88514,93794,95703,97615,100871,102416,103972,105445,107166
79,35199,43436,50243,52035,55360,57239,59639,64592,66910,68506,70345,72260,74032,76186,77939,79840,81851,84239,86639,88391
80,785738,799259,828251,849650,895029,924527,930529,941771,985178,999304,1046019,1071164,1148673,1161241,1180100,1186401,1230526,1281438,1292881,1353644
81,117157,125103,129394,145411,153006,168316,176691,180273,184635,188737,199922,206959,218368,238369,245584,266046,273190,282301,289878,313561
82,19298,20576,21926,23332,24691,26020,27231,28538,29821,30864,33891,35374,39345,40847,43724,46811,51465,55614,59966,61114
83,153136,191236,198023,208506,220483,224740,261317,279491,334798,347405,366564,398886,445392,448185,517962,521668,524934,532498,542347,553917
84,90203,101151,105875,113940,120910,137322,156772,165123,192991,196338,221792,226454,257780,261759,277924,294100,302708,309904,317027,320448
85,570692,671254,676587,681353,701119,712657,718689,723940,735967,741405,747055,763149,768947,810997,834971,844565,855658,913437,960753,1209441
86,194303,204273,212553,249233,258248,268357,291639,343265,363191,395067,424037,427498,438648,485790,503561,507437,528474,546395,585176,616835
87,171905,187184,229031,264609,299480,323447,327626,351323,375198,409316,434960,457024,477675,482475,490070,497347,557655,562100,659370,689973
# MCSL task , MCSL core,request
0,0,0
0,0,0
0,0,1
0,0,2
0,0,2
0,0,0
1,1,3
1,1,0
2,0,0
3,1,4
4,2,7
4,2,0
4,2,8
4,2,9
5,3,0
5,3,0
5,3,11
5,3,13
6,3,10
7,0,0
8,3,13
8,3,13
8,3,14
8,3,0
8,3,15
8,3,16
8,3,17
8,3,18
8,3,19
9,2,0
10,4,20
11,5,0
12,3,12
13,1,0
14,6,32
15,0,0
15,0,0
16,1,5
17,6,0
18,5,28
18,5,0
19,6,0
19,6,33
19,6,31
20,7,0
20,7,37
20,7,38
20,7,35
21,3,0
22,8,39
23,9,44
24,10,0
25,11,0
26,12,49
27,2,6
28,1,0
28,1,0
29,5,29
30,11,48
30,11,0
31,6,30
32,7,38
33,7,36
34,4,0
34,4,24
34,4,25
34,4,26
35,5,0
36,0,0
37,3,10
38,10,45
38,10,0
39,11,0
40,2,0
40,2,7
40,2,8
41,5,27
42,4,0
43,7,36
44,8,0
44,8,41
44,8,42
45,9,0
46,2,0
47,3,16
48,0,0
48,0,0
49,11,47
49,11,0
50,4,0
50,4,22
50,4,23
51,2,0
52,8,40
53,12,49
54,13,50
55,9,0
55,9,44
56,11,0
57,4,0
58,5,29
59,6,34
60,11,0
61,4,0
62,11,0
63,11,46
64,4,0
65,4,21
66,9,43
67,10,45
68,2,0
69,0,0
70,2,6
71,0,0
71,0,0
72,0,0
72,0,0
73,1,3
74,0,0
75,0,0
76,10,45
77,0,0
78,0,0
79,1,3
79,1,0
81,1,3
82,0,0
83,0,0
84,1,3
85,0,0
86,0,0
# MCSL edge , request
0,0
1,0
2,1
3,2
4,4
5,2
6,0
7,7
8,0
9,0
10,8
11,9
12,0
13,11
14,13
15,3
16,10
17,0
18,0
19,13
20,0
21,32
22,5
23,13
24,0
25,14
26,0
27,15
28,16
29,17
30,18
31,19
32,0
33,12
34,20
35,0
36,28
37,0
38,0
39,49
40,29
41,0
42,33
43,0
44,37
45,38
46,35
47,0
48,39
49,44
50,0
51,48
52,0
53,31
54,36
55,38
56,0
57,0
58,24
59,25
60,26
61,0
62,7
63,30
64,0
65,0
66,8
67,0
68,36
69,0
70,0
71,41
72,42
73,0
74,16
75,47
76,0
77,0
78,22
79,23
80,50
81,0
82,34
83,40
84,0
85,49
86,29
87,0
88,0
89,0
90,46
91,0
92,0
93,44
94,0
95,21
96,43
97,0
98,0
99,0
100,45
101,45
102,0
103,0
104,27
105,0
106,6
107,3
108,0
109,0
110,10
111,0
112,45
113,0
114,0
115,0
116,0
117,3
118,0
119,0
120,0
121,6
122,3
123,0
124,0
125,0
126,3
127,0
128,0
129,0
130,0
