# num-edges , num-vertices ,mcsl_rtp
768,256
# edge num,from,to,edge price 
0,0,180,1.41421
1,1,180,2.23607
2,180,0,1.41421
3,180,1,2.23607
4,2,181,3.16228
5,3,181,4.12311
6,181,2,3.16228
7,181,3,4.12311
8,68,180,1
9,180,68,1
10,68,181,1
11,181,68,1
12,76,180,1
13,180,76,1
14,76,181,1
15,181,76,1
16,4,188,5.09902
17,5,188,6.08276
18,188,4,5.09902
19,188,5,6.08276
20,6,77,7.07107
21,7,77,8.06226
22,77,6,7.07107
23,77,7,8.06226
24,80,188,1
25,188,80,1
26,80,77,1
27,77,80,1
28,112,188,1
29,188,112,1
30,112,77,1
31,77,112,1
32,160,68,1
33,68,160,1
34,160,80,1
35,80,160,1
36,161,68,1
37,68,161,1
38,161,80,1
39,80,161,1
40,164,76,1
41,76,164,1
42,164,112,1
43,112,164,1
44,168,76,1
45,76,168,1
46,168,112,1
47,112,168,1
48,8,184,2.23607
49,9,184,2.82843
50,184,8,2.23607
51,184,9,2.82843
52,10,69,3.60555
53,11,69,4.47214
54,69,10,3.60555
55,69,11,4.47214
56,71,184,1
57,184,71,1
58,71,69,1
59,69,71,1
60,72,184,1
61,184,72,1
62,72,69,1
63,69,72,1
64,12,79,5.38516
65,13,79,6.32456
66,79,12,5.38516
67,79,13,6.32456
68,14,113,7.28011
69,15,113,8.24621
70,113,14,7.28011
71,113,15,8.24621
72,115,79,1
73,79,115,1
74,115,113,1
75,113,115,1
76,116,79,1
77,79,116,1
78,116,113,1
79,113,116,1
80,120,71,1
81,71,120,1
82,120,115,1
83,115,120,1
84,121,71,1
85,71,121,1
86,121,115,1
87,115,121,1
88,123,72,1
89,72,123,1
90,123,116,1
91,116,123,1
92,124,72,1
93,72,124,1
94,124,116,1
95,116,124,1
96,132,160,1
97,160,132,1
98,132,120,1
99,120,132,1
100,133,160,1
101,160,133,1
102,133,120,1
103,120,133,1
104,135,161,1
105,161,135,1
106,135,121,1
107,121,135,1
108,136,161,1
109,161,136,1
110,136,121,1
111,121,136,1
112,140,164,1
113,164,140,1
114,140,123,1
115,123,140,1
116,141,164,1
117,164,141,1
118,141,123,1
119,123,141,1
120,143,168,1
121,168,143,1
122,143,124,1
123,124,143,1
124,144,168,1
125,168,144,1
126,144,124,1
127,124,144,1
128,16,163,3.16228
129,17,163,3.60555
130,163,16,3.16228
131,163,17,3.60555
132,18,169,4.24264
133,19,169,5
134,169,18,4.24264
135,169,19,5
136,171,163,1
137,163,171,1
138,171,169,1
139,169,171,1
140,172,163,1
141,163,172,1
142,172,169,1
143,169,172,1
144,20,183,5.83095
145,21,183,6.7082
146,183,20,5.83095
147,183,21,6.7082
148,22,189,7.61577
149,23,189,8.544
150,189,22,7.61577
151,189,23,8.544
152,191,183,1
153,183,191,1
154,191,189,1
155,189,191,1
156,192,183,1
157,183,192,1
158,192,189,1
159,189,192,1
160,64,171,1
161,171,64,1
162,64,191,1
163,191,64,1
164,65,171,1
165,171,65,1
166,65,191,1
167,191,65,1
168,66,172,1
169,172,66,1
170,66,192,1
171,192,66,1
172,67,172,1
173,172,67,1
174,67,192,1
175,192,67,1
176,24,70,4.12311
177,25,70,4.47214
178,70,24,4.12311
179,70,25,4.47214
180,26,73,5
181,27,73,5.65685
182,73,26,5
183,73,27,5.65685
184,74,70,1
185,70,74,1
186,74,73,1
187,73,74,1
188,75,70,1
189,70,75,1
190,75,73,1
191,73,75,1
192,28,78,6.40312
193,29,78,7.2111
194,78,28,6.40312
195,78,29,7.2111
196,30,81,8.06226
197,31,81,8.94427
198,81,30,8.06226
199,81,31,8.94427
200,82,78,1
201,78,82,1
202,82,81,1
203,81,82,1
204,83,78,1
205,78,83,1
206,83,81,1
207,81,83,1
208,84,74,1
209,74,84,1
210,84,82,1
211,82,84,1
212,85,74,1
213,74,85,1
214,85,82,1
215,82,85,1
216,86,75,1
217,75,86,1
218,86,83,1
219,83,86,1
220,87,75,1
221,75,87,1
222,87,83,1
223,83,87,1
224,88,64,1
225,64,88,1
226,88,84,1
227,84,88,1
228,89,64,1
229,64,89,1
230,89,84,1
231,84,89,1
232,90,65,1
233,65,90,1
234,90,85,1
235,85,90,1
236,91,65,1
237,65,91,1
238,91,85,1
239,85,91,1
240,92,66,1
241,66,92,1
242,92,86,1
243,86,92,1
244,93,66,1
245,66,93,1
246,93,86,1
247,86,93,1
248,94,67,1
249,67,94,1
250,94,87,1
251,87,94,1
252,95,67,1
253,67,95,1
254,95,87,1
255,87,95,1
256,96,132,1
257,132,96,1
258,96,88,1
259,88,96,1
260,97,132,1
261,132,97,1
262,97,88,1
263,88,97,1
264,98,133,1
265,133,98,1
266,98,89,1
267,89,98,1
268,99,133,1
269,133,99,1
270,99,89,1
271,89,99,1
272,100,135,1
273,135,100,1
274,100,90,1
275,90,100,1
276,101,135,1
277,135,101,1
278,101,90,1
279,90,101,1
280,102,136,1
281,136,102,1
282,102,91,1
283,91,102,1
284,103,136,1
285,136,103,1
286,103,91,1
287,91,103,1
288,104,140,1
289,140,104,1
290,104,92,1
291,92,104,1
292,105,140,1
293,140,105,1
294,105,92,1
295,92,105,1
296,106,141,1
297,141,106,1
298,106,93,1
299,93,106,1
300,107,141,1
301,141,107,1
302,107,93,1
303,93,107,1
304,108,143,1
305,143,108,1
306,108,94,1
307,94,108,1
308,109,143,1
309,143,109,1
310,109,94,1
311,94,109,1
312,110,144,1
313,144,110,1
314,110,95,1
315,95,110,1
316,111,144,1
317,144,111,1
318,111,95,1
319,95,111,1
320,32,114,5.09902
321,33,114,5.38516
322,114,32,5.09902
323,114,33,5.38516
324,34,117,5.83095
325,35,117,6.40312
326,117,34,5.83095
327,117,35,6.40312
328,118,114,1
329,114,118,1
330,118,117,1
331,117,118,1
332,119,114,1
333,114,119,1
334,119,117,1
335,117,119,1
336,36,122,7.07107
337,37,122,7.81025
338,122,36,7.07107
339,122,37,7.81025
340,38,125,8.60233
341,39,125,9.43398
342,125,38,8.60233
343,125,39,9.43398
344,126,122,1
345,122,126,1
346,126,125,1
347,125,126,1
348,127,122,1
349,122,127,1
350,127,125,1
351,125,127,1
352,128,118,1
353,118,128,1
354,128,126,1
355,126,128,1
356,129,118,1
357,118,129,1
358,129,126,1
359,126,129,1
360,130,119,1
361,119,130,1
362,130,127,1
363,127,130,1
364,131,119,1
365,119,131,1
366,131,127,1
367,127,131,1
368,40,134,6.08276
369,41,134,6.32456
370,134,40,6.08276
371,134,41,6.32456
372,42,137,6.7082
373,43,137,7.2111
374,137,42,6.7082
375,137,43,7.2111
376,138,134,1
377,134,138,1
378,138,137,1
379,137,138,1
380,139,134,1
381,134,139,1
382,139,137,1
383,137,139,1
384,44,142,7.81025
385,45,142,8.48528
386,142,44,7.81025
387,142,45,8.48528
388,46,145,9.21954
389,47,145,10
390,145,46,9.21954
391,145,47,10
392,146,142,1
393,142,146,1
394,146,145,1
395,145,146,1
396,147,142,1
397,142,147,1
398,147,145,1
399,145,147,1
400,148,138,1
401,138,148,1
402,148,146,1
403,146,148,1
404,149,138,1
405,138,149,1
406,149,146,1
407,146,149,1
408,150,139,1
409,139,150,1
410,150,147,1
411,147,150,1
412,151,139,1
413,139,151,1
414,151,147,1
415,147,151,1
416,152,128,1
417,128,152,1
418,152,148,1
419,148,152,1
420,153,128,1
421,128,153,1
422,153,148,1
423,148,153,1
424,154,129,1
425,129,154,1
426,154,149,1
427,149,154,1
428,155,129,1
429,129,155,1
430,155,149,1
431,149,155,1
432,156,130,1
433,130,156,1
434,156,150,1
435,150,156,1
436,157,130,1
437,130,157,1
438,157,150,1
439,150,157,1
440,158,131,1
441,131,158,1
442,158,151,1
443,151,158,1
444,159,131,1
445,131,159,1
446,159,151,1
447,151,159,1
448,48,162,7.07107
449,49,162,7.28011
450,162,48,7.07107
451,162,49,7.28011
452,50,165,7.61577
453,51,165,8.06226
454,165,50,7.61577
455,165,51,8.06226
456,166,162,1
457,162,166,1
458,166,165,1
459,165,166,1
460,167,162,1
461,162,167,1
462,167,165,1
463,165,167,1
464,52,170,8.60233
465,53,170,9.21954
466,170,52,8.60233
467,170,53,9.21954
468,54,173,9.89949
469,55,173,10.6301
470,173,54,9.89949
471,173,55,10.6301
472,174,170,1
473,170,174,1
474,174,173,1
475,173,174,1
476,175,170,1
477,170,175,1
478,175,173,1
479,173,175,1
480,176,166,1
481,166,176,1
482,176,174,1
483,174,176,1
484,177,166,1
485,166,177,1
486,177,174,1
487,174,177,1
488,178,167,1
489,167,178,1
490,178,175,1
491,175,178,1
492,179,167,1
493,167,179,1
494,179,175,1
495,175,179,1
496,56,182,8.06226
497,57,182,8.24621
498,182,56,8.06226
499,182,57,8.24621
500,58,185,8.544
501,59,185,8.94427
502,185,58,8.544
503,185,59,8.94427
504,186,182,1
505,182,186,1
506,186,185,1
507,185,186,1
508,187,182,1
509,182,187,1
510,187,185,1
511,185,187,1
512,60,190,9.43398
513,61,190,10
514,190,60,9.43398
515,190,61,10
516,62,193,10.6301
517,63,193,11.3137
518,193,62,10.6301
519,193,63,11.3137
520,194,190,1
521,190,194,1
522,194,193,1
523,193,194,1
524,195,190,1
525,190,195,1
526,195,193,1
527,193,195,1
528,196,186,1
529,186,196,1
530,196,194,1
531,194,196,1
532,197,186,1
533,186,197,1
534,197,194,1
535,194,197,1
536,198,187,1
537,187,198,1
538,198,195,1
539,195,198,1
540,199,187,1
541,187,199,1
542,199,195,1
543,195,199,1
544,200,176,1
545,176,200,1
546,200,196,1
547,196,200,1
548,201,176,1
549,176,201,1
550,201,196,1
551,196,201,1
552,202,177,1
553,177,202,1
554,202,197,1
555,197,202,1
556,203,177,1
557,177,203,1
558,203,197,1
559,197,203,1
560,204,178,1
561,178,204,1
562,204,198,1
563,198,204,1
564,205,178,1
565,178,205,1
566,205,198,1
567,198,205,1
568,206,179,1
569,179,206,1
570,206,199,1
571,199,206,1
572,207,179,1
573,179,207,1
574,207,199,1
575,199,207,1
576,208,152,1
577,152,208,1
578,208,200,1
579,200,208,1
580,209,152,1
581,152,209,1
582,209,200,1
583,200,209,1
584,210,153,1
585,153,210,1
586,210,201,1
587,201,210,1
588,211,153,1
589,153,211,1
590,211,201,1
591,201,211,1
592,212,154,1
593,154,212,1
594,212,202,1
595,202,212,1
596,213,154,1
597,154,213,1
598,213,202,1
599,202,213,1
600,214,155,1
601,155,214,1
602,214,203,1
603,203,214,1
604,215,155,1
605,155,215,1
606,215,203,1
607,203,215,1
608,216,156,1
609,156,216,1
610,216,204,1
611,204,216,1
612,217,156,1
613,156,217,1
614,217,204,1
615,204,217,1
616,218,157,1
617,157,218,1
618,218,205,1
619,205,218,1
620,219,157,1
621,157,219,1
622,219,205,1
623,205,219,1
624,220,158,1
625,158,220,1
626,220,206,1
627,206,220,1
628,221,158,1
629,158,221,1
630,221,206,1
631,206,221,1
632,222,159,1
633,159,222,1
634,222,207,1
635,207,222,1
636,223,159,1
637,159,223,1
638,223,207,1
639,207,223,1
640,224,96,1
641,96,224,1
642,224,208,1
643,208,224,1
644,225,96,1
645,96,225,1
646,225,208,1
647,208,225,1
648,226,97,1
649,97,226,1
650,226,209,1
651,209,226,1
652,227,97,1
653,97,227,1
654,227,209,1
655,209,227,1
656,228,98,1
657,98,228,1
658,228,210,1
659,210,228,1
660,229,98,1
661,98,229,1
662,229,210,1
663,210,229,1
664,230,99,1
665,99,230,1
666,230,211,1
667,211,230,1
668,231,99,1
669,99,231,1
670,231,211,1
671,211,231,1
672,232,100,1
673,100,232,1
674,232,212,1
675,212,232,1
676,233,100,1
677,100,233,1
678,233,212,1
679,212,233,1
680,234,101,1
681,101,234,1
682,234,213,1
683,213,234,1
684,235,101,1
685,101,235,1
686,235,213,1
687,213,235,1
688,236,102,1
689,102,236,1
690,236,214,1
691,214,236,1
692,237,102,1
693,102,237,1
694,237,214,1
695,214,237,1
696,238,103,1
697,103,238,1
698,238,215,1
699,215,238,1
700,239,103,1
701,103,239,1
702,239,215,1
703,215,239,1
704,240,104,1
705,104,240,1
706,240,216,1
707,216,240,1
708,241,104,1
709,104,241,1
710,241,216,1
711,216,241,1
712,242,105,1
713,105,242,1
714,242,217,1
715,217,242,1
716,243,105,1
717,105,243,1
718,243,217,1
719,217,243,1
720,244,106,1
721,106,244,1
722,244,218,1
723,218,244,1
724,245,106,1
725,106,245,1
726,245,218,1
727,218,245,1
728,246,107,1
729,107,246,1
730,246,219,1
731,219,246,1
732,247,107,1
733,107,247,1
734,247,219,1
735,219,247,1
736,248,108,1
737,108,248,1
738,248,220,1
739,220,248,1
740,249,108,1
741,108,249,1
742,249,220,1
743,220,249,1
744,250,109,1
745,109,250,1
746,250,221,1
747,221,250,1
748,251,109,1
749,109,251,1
750,251,221,1
751,221,251,1
752,252,110,1
753,110,252,1
754,252,222,1
755,222,252,1
756,253,110,1
757,110,253,1
758,253,222,1
759,222,253,1
760,254,111,1
761,111,254,1
762,254,223,1
763,223,254,1
764,255,111,1
765,111,255,1
766,255,223,1
767,223,255,1
