# time slot,request num,vertex1,vertex2,edge num,flow in slot,in port,out port
0,0,0,180,0,2.000000,-1,0
2,0,0,180,0,2.000000,-1,0
4,0,0,180,0,2.000000,-1,0
6,0,0,180,0,2.000000,-1,0
0,1,0,180,0,1.000000,-1,0
4,1,0,180,0,1.000000,-1,0
1,1,0,180,0,3.000000,-1,0
5,1,0,180,0,2.000000,-1,0
6,1,0,180,0,1.000000,-1,0
2,2,0,180,0,1.000000,-1,0
7,2,0,180,0,1.000000,-1,0
3,2,0,180,0,1.000000,-1,0
0,3,1,180,1,1.000000,-1,0
1,4,1,180,1,1.000000,-1,0
2,5,1,180,1,1.000000,-1,0
1,3,180,0,2,1.000000,-1,0
3,6,180,0,2,2.000000,-1,0
7,6,180,0,2,2.000000,-1,0
4,6,180,0,2,1.000000,-1,0
0,6,180,0,2,2.000000,-1,0
4,10,180,0,2,1.000000,-1,0
6,27,180,0,2,1.000000,-1,0
1,30,180,0,2,1.000000,-1,0
2,35,180,0,2,1.000000,-1,0
2,45,180,0,2,1.000000,-1,0
1,0,180,1,3,2.000000,-1,1
3,0,180,1,3,2.000000,-1,1
5,0,180,1,3,2.000000,-1,1
7,0,180,1,3,2.000000,-1,1
4,11,180,1,3,2.000000,-1,1
0,11,180,1,3,1.000000,-1,1
5,11,180,1,3,2.000000,-1,1
1,11,180,1,3,2.000000,-1,1
6,20,180,1,3,2.000000,-1,1
4,20,180,1,3,1.000000,-1,1
2,20,180,1,3,2.000000,-1,1
0,20,180,1,3,1.000000,-1,1
6,28,180,1,3,1.000000,-1,1
0,6,2,181,4,4.000000,-1,0
4,6,2,181,4,2.000000,-1,0
5,6,2,181,4,2.000000,-1,0
1,7,2,181,4,4.000000,-1,0
3,7,2,181,4,2.000000,-1,0
5,7,2,181,4,2.000000,-1,0
2,8,2,181,4,4.000000,-1,0
3,8,2,181,4,2.000000,-1,0
4,8,2,181,4,2.000000,-1,0
6,9,2,181,4,1.000000,-1,0
0,10,3,181,5,1.000000,-1,0
0,11,3,181,5,2.000000,-1,0
5,11,3,181,5,2.000000,-1,0
1,11,3,181,5,2.000000,-1,0
6,11,3,181,5,2.000000,-1,0
0,12,3,181,5,2.000000,-1,0
2,12,3,181,5,2.000000,-1,0
4,12,3,181,5,2.000000,-1,0
6,12,3,181,5,2.000000,-1,0
0,13,3,181,5,2.000000,-1,0
6,13,3,181,5,2.000000,-1,0
4,13,3,181,5,2.000000,-1,0
2,13,3,181,5,2.000000,-1,0
1,14,3,181,5,1.000000,-1,0
1,15,3,181,5,4.000000,-1,0
2,15,3,181,5,2.000000,-1,0
3,15,3,181,5,2.000000,-1,0
2,16,3,181,5,1.000000,-1,0
4,16,3,181,5,2.000000,-1,0
5,16,3,181,5,4.000000,-1,0
6,16,3,181,5,1.000000,-1,0
3,17,3,181,5,1.000000,-1,0
3,18,3,181,5,1.000000,-1,0
3,19,3,181,5,2.000000,-1,0
7,19,3,181,5,6.000000,-1,0
3,1,181,2,6,1.000000,-1,0
7,1,181,2,6,1.000000,-1,0
4,1,181,2,6,2.000000,-1,0
0,1,181,2,6,2.000000,-1,0
5,1,181,2,6,1.000000,-1,0
1,1,181,2,6,1.000000,-1,0
1,12,181,2,6,2.000000,-1,0
3,12,181,2,6,2.000000,-1,0
5,12,181,2,6,2.000000,-1,0
7,12,181,2,6,2.000000,-1,0
5,21,181,2,6,1.000000,-1,0
6,31,181,2,6,1.000000,-1,0
7,36,181,2,6,1.000000,-1,0
0,36,181,2,6,1.000000,-1,0
2,36,181,2,6,2.000000,-1,0
3,36,181,2,6,1.000000,-1,0
1,43,181,2,6,1.000000,-1,0
5,2,181,3,7,1.000000,-1,1
2,2,181,3,7,1.000000,-1,1
6,2,181,3,7,1.000000,-1,1
6,4,181,3,7,1.000000,-1,1
2,7,181,3,7,1.000000,-1,1
4,7,181,3,7,2.000000,-1,1
7,7,181,3,7,2.000000,-1,1
3,7,181,3,7,2.000000,-1,1
1,39,181,3,7,1.000000,-1,1
1,1,180,68,9,1.000000,-1,2
5,1,180,68,9,1.000000,-1,2
2,1,180,68,9,2.000000,-1,2
6,1,180,68,9,2.000000,-1,2
3,1,180,68,9,1.000000,-1,2
7,1,180,68,9,1.000000,-1,2
3,2,180,68,9,1.000000,-1,2
0,2,180,68,9,1.000000,-1,2
4,2,180,68,9,1.000000,-1,2
4,4,180,68,9,1.000000,-1,2
5,5,180,68,9,1.000000,-1,2
2,1,68,181,10,1.000000,-1,3
6,1,68,181,10,1.000000,-1,3
3,1,68,181,10,2.000000,-1,3
7,1,68,181,10,2.000000,-1,3
4,1,68,181,10,1.000000,-1,3
0,1,68,181,10,1.000000,-1,3
4,2,68,181,10,1.000000,-1,3
1,2,68,181,10,1.000000,-1,3
5,2,68,181,10,1.000000,-1,3
5,4,68,181,10,1.000000,-1,3
4,21,68,181,10,1.000000,-1,3
5,31,68,181,10,1.000000,-1,3
6,36,68,181,10,2.000000,-1,3
7,36,68,181,10,1.000000,-1,3
1,36,68,181,10,2.000000,-1,3
2,36,68,181,10,1.000000,-1,3
0,39,68,181,10,1.000000,-1,3
0,43,68,181,10,1.000000,-1,3
3,8,181,68,11,4.000000,-1,2
4,8,181,68,11,2.000000,-1,2
5,8,181,68,11,2.000000,-1,2
7,9,181,68,11,1.000000,-1,2
1,13,181,68,11,2.000000,-1,2
7,13,181,68,11,2.000000,-1,2
5,13,181,68,11,2.000000,-1,2
3,13,181,68,11,2.000000,-1,2
2,14,181,68,11,1.000000,-1,2
2,15,181,68,11,4.000000,-1,2
4,15,181,68,11,4.000000,-1,2
5,16,181,68,11,2.000000,-1,2
6,16,181,68,11,4.000000,-1,2
7,16,181,68,11,1.000000,-1,2
6,17,181,68,11,1.000000,-1,2
6,18,181,68,11,1.000000,-1,2
7,19,181,68,11,2.000000,-1,2
0,19,181,68,11,6.000000,-1,2
2,6,76,180,12,3.000000,-1,2
6,6,76,180,12,2.000000,-1,2
7,6,76,180,12,2.000000,-1,2
3,10,76,180,12,1.000000,-1,2
3,11,76,180,12,2.000000,-1,2
7,11,76,180,12,1.000000,-1,2
4,11,76,180,12,2.000000,-1,2
0,11,76,180,12,2.000000,-1,2
4,20,76,180,12,2.000000,-1,2
3,20,76,180,12,1.000000,-1,2
1,20,76,180,12,2.000000,-1,2
7,20,76,180,12,1.000000,-1,2
5,27,76,180,12,1.000000,-1,2
5,28,76,180,12,1.000000,-1,2
6,30,76,180,12,1.000000,-1,2
6,35,76,180,12,1.000000,-1,2
0,45,76,180,12,1.000000,-1,2
1,6,181,76,15,3.000000,-1,3
5,6,181,76,15,2.000000,-1,3
6,6,181,76,15,2.000000,-1,3
2,10,181,76,15,1.000000,-1,3
2,11,181,76,15,2.000000,-1,3
6,11,181,76,15,1.000000,-1,3
3,11,181,76,15,2.000000,-1,3
7,11,181,76,15,2.000000,-1,3
0,20,4,188,16,2.000000,-1,0
7,20,4,188,16,2.000000,-1,0
5,20,4,188,16,2.000000,-1,0
3,20,4,188,16,2.000000,-1,0
0,21,4,188,16,1.000000,-1,0
0,22,4,188,16,2.000000,-1,0
2,22,4,188,16,2.000000,-1,0
4,22,4,188,16,2.000000,-1,0
6,22,4,188,16,2.000000,-1,0
0,23,4,188,16,1.000000,-1,0
4,23,4,188,16,2.000000,-1,0
1,23,4,188,16,3.000000,-1,0
5,23,4,188,16,2.000000,-1,0
1,24,4,188,16,3.000000,-1,0
5,24,4,188,16,2.000000,-1,0
6,24,4,188,16,2.000000,-1,0
2,24,4,188,16,1.000000,-1,0
2,25,4,188,16,3.000000,-1,0
3,25,4,188,16,2.000000,-1,0
4,25,4,188,16,2.000000,-1,0
6,25,4,188,16,1.000000,-1,0
3,26,4,188,16,1.000000,-1,0
0,27,5,188,17,1.000000,-1,0
0,28,5,188,17,1.000000,-1,0
1,29,5,188,17,2.000000,-1,0
4,29,5,188,17,2.000000,-1,0
5,29,5,188,17,2.000000,-1,0
6,29,5,188,17,2.000000,-1,0
7,8,188,4,18,4.000000,-1,0
0,8,188,4,18,2.000000,-1,0
1,8,188,4,18,2.000000,-1,0
5,37,188,4,18,1.000000,-1,0
2,40,188,4,18,4.000000,-1,0
3,40,188,4,18,3.000000,-1,0
3,46,188,4,18,1.000000,-1,0
4,46,188,4,18,3.000000,-1,0
5,46,188,4,18,2.000000,-1,0
1,5,188,5,19,1.000000,-1,1
3,9,188,5,19,1.000000,-1,1
1,22,188,5,19,2.000000,-1,1
3,22,188,5,19,2.000000,-1,1
5,22,188,5,19,2.000000,-1,1
7,22,188,5,19,2.000000,-1,1
4,32,188,5,19,1.000000,-1,1
7,38,188,5,19,1.000000,-1,1
0,38,188,5,19,3.000000,-1,1
2,38,188,5,19,3.000000,-1,1
0,30,6,77,20,1.000000,-1,0
0,31,6,77,20,1.000000,-1,0
1,32,6,77,20,1.000000,-1,0
1,33,6,77,20,1.000000,-1,0
3,33,6,77,20,2.000000,-1,0
5,33,6,77,20,2.000000,-1,0
7,33,6,77,20,2.000000,-1,0
2,33,6,77,20,1.000000,-1,0
2,34,6,77,20,1.000000,-1,0
4,34,6,77,20,2.000000,-1,0
0,35,7,77,21,1.000000,-1,0
0,36,7,77,21,2.000000,-1,0
1,36,7,77,21,3.000000,-1,0
3,36,7,77,21,3.000000,-1,0
2,37,7,77,21,1.000000,-1,0
2,38,7,77,21,2.000000,-1,0
4,38,7,77,21,3.000000,-1,0
5,38,7,77,21,3.000000,-1,0
5,13,77,6,22,2.000000,-1,0
3,13,77,6,22,2.000000,-1,0
1,13,77,6,22,2.000000,-1,0
7,13,77,6,22,1.000000,-1,0
3,23,77,6,22,1.000000,-1,0
7,23,77,6,22,2.000000,-1,0
4,23,77,6,22,3.000000,-1,0
0,23,77,6,22,2.000000,-1,0
6,14,77,7,23,1.000000,-1,1
4,24,77,7,23,1.000000,-1,1
0,24,77,7,23,2.000000,-1,1
5,24,77,7,23,2.000000,-1,1
1,24,77,7,23,2.000000,-1,1
2,33,77,7,23,1.000000,-1,1
4,33,77,7,23,2.000000,-1,1
6,33,77,7,23,2.000000,-1,1
0,33,77,7,23,1.000000,-1,1
3,33,77,7,23,1.000000,-1,1
0,5,80,188,24,1.000000,-1,3
6,8,80,188,24,4.000000,-1,3
7,8,80,188,24,2.000000,-1,3
0,8,80,188,24,2.000000,-1,3
2,9,80,188,24,1.000000,-1,3
3,32,80,188,24,1.000000,-1,3
4,37,80,188,24,1.000000,-1,3
6,38,80,188,24,1.000000,-1,3
7,38,80,188,24,3.000000,-1,3
0,38,80,188,24,2.000000,-1,3
1,38,80,188,24,1.000000,-1,3
1,40,80,188,24,4.000000,-1,3
2,40,80,188,24,3.000000,-1,3
2,46,80,188,24,1.000000,-1,3
3,46,80,188,24,3.000000,-1,3
4,46,80,188,24,2.000000,-1,3
1,21,188,80,25,1.000000,-1,2
1,23,188,80,25,1.000000,-1,2
5,23,188,80,25,2.000000,-1,2
2,23,188,80,25,3.000000,-1,2
6,23,188,80,25,2.000000,-1,2
2,24,188,80,25,2.000000,-1,2
6,24,188,80,25,2.000000,-1,2
3,24,188,80,25,2.000000,-1,2
7,24,188,80,25,2.000000,-1,2
3,25,188,80,25,3.000000,-1,2
4,25,188,80,25,2.000000,-1,2
5,25,188,80,25,2.000000,-1,2
7,25,188,80,25,1.000000,-1,2
4,26,188,80,25,1.000000,-1,2
4,29,188,80,25,2.000000,-1,2
5,29,188,80,25,1.000000,-1,2
6,29,188,80,25,1.000000,-1,2
7,29,188,80,25,2.000000,-1,2
4,13,80,77,26,2.000000,-1,0
2,13,80,77,26,2.000000,-1,0
0,13,80,77,26,2.000000,-1,0
6,13,80,77,26,1.000000,-1,0
5,14,80,77,26,1.000000,-1,0
2,23,80,77,26,1.000000,-1,0
6,23,80,77,26,2.000000,-1,0
3,23,80,77,26,3.000000,-1,0
7,23,80,77,26,2.000000,-1,0
3,24,80,77,26,1.000000,-1,0
7,24,80,77,26,2.000000,-1,0
4,24,80,77,26,2.000000,-1,0
0,24,80,77,26,2.000000,-1,0
1,31,77,80,27,1.000000,-1,2
2,32,77,80,27,1.000000,-1,2
3,34,77,80,27,1.000000,-1,2
5,34,77,80,27,2.000000,-1,2
1,36,77,80,27,2.000000,-1,2
2,36,77,80,27,2.000000,-1,2
3,36,77,80,27,1.000000,-1,2
4,36,77,80,27,3.000000,-1,2
3,37,77,80,27,1.000000,-1,2
5,38,77,80,27,1.000000,-1,2
6,38,77,80,27,3.000000,-1,2
7,38,77,80,27,3.000000,-1,2
1,20,188,112,29,2.000000,-1,3
0,20,188,112,29,2.000000,-1,3
6,20,188,112,29,2.000000,-1,3
4,20,188,112,29,2.000000,-1,3
2,27,188,112,29,1.000000,-1,3
2,28,188,112,29,1.000000,-1,3
1,30,77,112,31,1.000000,-1,3
2,35,77,112,31,1.000000,-1,3
3,21,160,68,32,1.000000,-1,0
3,31,160,68,32,1.000000,-1,0
4,36,160,68,32,2.000000,-1,0
5,36,160,68,32,2.000000,-1,0
0,36,160,68,32,2.000000,-1,0
1,36,160,68,32,1.000000,-1,0
6,39,160,68,32,1.000000,-1,0
6,43,160,68,32,1.000000,-1,0
6,5,68,160,33,1.000000,-1,0
4,8,68,160,33,4.000000,-1,0
5,8,68,160,33,2.000000,-1,0
6,8,68,160,33,2.000000,-1,0
0,9,68,160,33,1.000000,-1,0
2,13,68,160,33,2.000000,-1,0
0,13,68,160,33,2.000000,-1,0
6,13,68,160,33,2.000000,-1,0
4,13,68,160,33,2.000000,-1,0
3,14,68,160,33,1.000000,-1,0
3,15,68,160,33,4.000000,-1,0
5,15,68,160,33,4.000000,-1,0
6,16,68,160,33,1.000000,-1,0
7,16,68,160,33,5.000000,-1,0
0,16,68,160,33,1.000000,-1,0
7,17,68,160,33,1.000000,-1,0
0,18,68,160,33,1.000000,-1,0
0,19,68,160,33,1.000000,-1,0
1,19,68,160,33,6.000000,-1,0
7,5,160,80,34,1.000000,-1,1
5,8,160,80,34,4.000000,-1,1
6,8,160,80,34,2.000000,-1,1
7,8,160,80,34,2.000000,-1,1
1,9,160,80,34,1.000000,-1,1
3,13,160,80,34,2.000000,-1,1
1,13,160,80,34,2.000000,-1,1
7,13,160,80,34,2.000000,-1,1
5,13,160,80,34,1.000000,-1,1
4,14,160,80,34,1.000000,-1,1
6,40,160,80,34,2.000000,-1,1
0,40,160,80,34,3.000000,-1,1
1,40,160,80,34,2.000000,-1,1
6,46,160,80,34,1.000000,-1,1
2,46,160,80,34,3.000000,-1,1
3,46,160,80,34,2.000000,-1,1
2,21,80,160,35,1.000000,-1,1
4,25,80,160,35,3.000000,-1,1
5,25,80,160,35,2.000000,-1,1
6,25,80,160,35,2.000000,-1,1
0,25,80,160,35,1.000000,-1,1
5,26,80,160,35,1.000000,-1,1
5,29,80,160,35,1.000000,-1,1
6,29,80,160,35,1.000000,-1,1
7,29,80,160,35,1.000000,-1,1
0,29,80,160,35,2.000000,-1,1
2,31,80,160,35,1.000000,-1,1
4,34,80,160,35,1.000000,-1,1
6,34,80,160,35,1.000000,-1,1
7,34,80,160,35,1.000000,-1,1
2,36,80,160,35,2.000000,-1,1
3,36,80,160,35,2.000000,-1,1
7,36,80,160,35,2.000000,-1,1
0,36,80,160,35,1.000000,-1,1
3,20,164,76,40,2.000000,-1,0
2,20,164,76,40,2.000000,-1,0
0,20,164,76,40,2.000000,-1,0
6,20,164,76,40,2.000000,-1,0
4,27,164,76,40,1.000000,-1,0
4,28,164,76,40,1.000000,-1,0
5,30,164,76,40,1.000000,-1,0
5,35,164,76,40,1.000000,-1,0
7,45,164,76,40,1.000000,-1,0
2,20,112,164,43,2.000000,-1,1
1,20,112,164,43,2.000000,-1,1
7,20,112,164,43,2.000000,-1,1
5,20,112,164,43,2.000000,-1,1
3,27,112,164,43,1.000000,-1,1
3,28,112,164,43,1.000000,-1,1
4,30,112,164,43,1.000000,-1,1
4,35,112,164,43,1.000000,-1,1
0,39,8,184,48,1.000000,-1,0
0,40,8,184,48,2.000000,-1,0
3,40,8,184,48,4.000000,-1,0
4,40,8,184,48,2.000000,-1,0
0,41,8,184,48,1.000000,-1,0
6,41,8,184,48,2.000000,-1,0
4,41,8,184,48,2.000000,-1,0
2,41,8,184,48,2.000000,-1,0
1,41,8,184,48,1.000000,-1,0
1,42,8,184,48,3.000000,-1,0
2,42,8,184,48,2.000000,-1,0
5,42,8,184,48,3.000000,-1,0
0,43,9,184,49,1.000000,-1,0
0,44,9,184,49,1.000000,-1,0
5,44,9,184,49,2.000000,-1,0
1,44,9,184,49,2.000000,-1,0
6,44,9,184,49,2.000000,-1,0
2,44,9,184,49,1.000000,-1,0
0,15,184,8,50,3.000000,-1,0
2,15,184,8,50,3.000000,-1,0
1,25,184,8,50,3.000000,-1,0
3,25,184,8,50,3.000000,-1,0
5,25,184,8,50,1.000000,-1,0
3,16,184,9,51,1.000000,-1,1
4,16,184,9,51,3.000000,-1,1
5,16,184,9,51,3.000000,-1,1
3,26,184,9,51,1.000000,-1,1
3,47,184,9,51,1.000000,-1,1
7,47,184,9,51,3.000000,-1,1
6,47,184,9,51,3.000000,-1,1
0,45,10,69,52,1.000000,-1,0
0,46,11,69,53,2.000000,-1,0
4,46,11,69,53,2.000000,-1,0
5,46,11,69,53,3.000000,-1,0
6,46,11,69,53,1.000000,-1,0
0,47,11,69,53,1.000000,-1,0
4,47,11,69,53,1.000000,-1,0
1,47,11,69,53,3.000000,-1,0
7,47,11,69,53,3.000000,-1,0
2,48,11,69,53,1.000000,-1,0
4,17,69,10,54,1.000000,-1,0
4,44,69,10,54,1.000000,-1,0
0,44,69,10,54,2.000000,-1,0
5,44,69,10,54,1.000000,-1,0
1,44,69,10,54,2.000000,-1,0
6,44,69,10,54,1.000000,-1,0
3,48,69,10,54,1.000000,-1,0
5,18,69,11,55,1.000000,-1,1
3,29,69,11,55,2.000000,-1,1
5,29,69,11,55,2.000000,-1,1
1,34,69,11,55,1.000000,-1,1
7,34,69,11,55,2.000000,-1,1
5,49,69,11,55,1.000000,-1,1
3,49,69,11,55,1.000000,-1,1
1,49,69,11,55,2.000000,-1,1
7,49,69,11,55,2.000000,-1,1
6,50,69,11,55,2.000000,-1,1
4,50,69,11,55,1.000000,-1,1
2,50,69,11,55,1.000000,-1,1
0,50,69,11,55,2.000000,-1,1
7,15,71,184,56,4.000000,-1,3
1,15,71,184,56,4.000000,-1,3
2,16,71,184,56,1.000000,-1,3
3,16,71,184,56,5.000000,-1,3
4,16,71,184,56,1.000000,-1,3
0,25,71,184,56,3.000000,-1,3
1,25,71,184,56,1.000000,-1,3
2,25,71,184,56,2.000000,-1,3
4,25,71,184,56,1.000000,-1,3
2,26,71,184,56,1.000000,-1,3
2,47,71,184,56,1.000000,-1,3
6,47,71,184,56,1.000000,-1,3
4,47,71,184,56,3.000000,-1,3
5,47,71,184,56,2.000000,-1,3
1,39,184,71,57,1.000000,-1,2
1,40,184,71,57,2.000000,-1,2
4,40,184,71,57,4.000000,-1,2
5,40,184,71,57,2.000000,-1,2
1,41,184,71,57,1.000000,-1,2
7,41,184,71,57,2.000000,-1,2
5,41,184,71,57,2.000000,-1,2
3,41,184,71,57,2.000000,-1,2
2,41,184,71,57,1.000000,-1,2
2,42,184,71,57,3.000000,-1,2
3,42,184,71,57,2.000000,-1,2
6,42,184,71,57,3.000000,-1,2
1,43,184,71,57,1.000000,-1,2
2,44,184,71,57,1.000000,-1,2
6,44,184,71,57,2.000000,-1,2
3,44,184,71,57,1.000000,-1,2
7,44,184,71,57,2.000000,-1,2
4,44,184,71,57,1.000000,-1,2
3,17,71,69,58,1.000000,-1,0
4,18,71,69,58,1.000000,-1,0
2,29,71,69,58,2.000000,-1,0
4,29,71,69,58,2.000000,-1,0
0,34,71,69,58,1.000000,-1,0
6,34,71,69,58,2.000000,-1,0
3,44,71,69,58,1.000000,-1,0
7,44,71,69,58,2.000000,-1,0
4,44,71,69,58,1.000000,-1,0
0,44,71,69,58,2.000000,-1,0
5,44,71,69,58,1.000000,-1,0
4,49,71,69,58,1.000000,-1,0
2,49,71,69,58,1.000000,-1,0
0,49,71,69,58,2.000000,-1,0
6,49,71,69,58,2.000000,-1,0
5,50,71,69,58,2.000000,-1,0
3,50,71,69,58,1.000000,-1,0
1,50,71,69,58,1.000000,-1,0
7,50,71,69,58,2.000000,-1,0
1,46,69,71,59,2.000000,-1,2
5,46,69,71,59,2.000000,-1,2
6,46,69,71,59,3.000000,-1,2
7,46,69,71,59,1.000000,-1,2
1,47,69,71,59,1.000000,-1,2
5,47,69,71,59,1.000000,-1,2
2,47,69,71,59,3.000000,-1,2
0,47,69,71,59,3.000000,-1,2
1,45,69,72,63,1.000000,-1,3
0,49,12,79,64,2.000000,-1,0
6,49,12,79,64,2.000000,-1,0
4,49,12,79,64,2.000000,-1,0
2,49,12,79,64,2.000000,-1,0
0,50,13,79,65,1.000000,-1,0
7,50,13,79,65,1.000000,-1,0
5,50,13,79,65,1.000000,-1,0
3,50,13,79,65,1.000000,-1,0
1,50,13,79,65,1.000000,-1,0
2,50,13,79,65,1.000000,-1,0
5,19,79,12,66,1.000000,-1,0
6,19,79,12,66,3.000000,-1,0
7,19,79,12,66,2.000000,-1,0
5,41,79,12,66,1.000000,-1,0
3,41,79,12,66,2.000000,-1,0
1,41,79,12,66,2.000000,-1,0
7,41,79,12,66,1.000000,-1,0
0,41,79,12,66,1.000000,-1,0
0,42,79,13,67,2.000000,-1,1
1,42,79,13,67,2.000000,-1,1
2,42,79,13,67,2.000000,-1,1
3,42,79,13,67,1.000000,-1,1
4,19,115,79,72,1.000000,-1,0
5,19,115,79,72,4.000000,-1,0
6,19,115,79,72,2.000000,-1,0
4,41,115,79,72,1.000000,-1,0
2,41,115,79,72,2.000000,-1,0
0,41,115,79,72,2.000000,-1,0
6,41,115,79,72,2.000000,-1,0
7,41,115,79,72,1.000000,-1,0
7,42,115,79,72,3.000000,-1,0
0,42,115,79,72,2.000000,-1,0
1,42,115,79,72,3.000000,-1,0
1,49,79,115,73,2.000000,-1,2
7,49,79,115,73,2.000000,-1,2
5,49,79,115,73,2.000000,-1,2
3,49,79,115,73,2.000000,-1,2
2,50,79,115,73,2.000000,-1,2
0,50,79,115,73,1.000000,-1,2
6,50,79,115,73,1.000000,-1,2
4,50,79,115,73,2.000000,-1,2
6,15,120,71,80,4.000000,-1,0
0,15,120,71,80,4.000000,-1,0
1,16,120,71,80,1.000000,-1,0
2,16,120,71,80,5.000000,-1,0
3,16,120,71,80,1.000000,-1,0
2,17,120,71,80,1.000000,-1,0
3,18,120,71,80,1.000000,-1,0
7,25,120,71,80,3.000000,-1,0
0,25,120,71,80,2.000000,-1,0
1,25,120,71,80,2.000000,-1,0
3,25,120,71,80,1.000000,-1,0
1,26,120,71,80,1.000000,-1,0
1,29,120,71,80,2.000000,-1,0
3,29,120,71,80,2.000000,-1,0
7,34,120,71,80,1.000000,-1,0
5,34,120,71,80,2.000000,-1,0
3,49,120,71,80,2.000000,-1,0
1,49,120,71,80,1.000000,-1,0
7,49,120,71,80,2.000000,-1,0
5,49,120,71,80,2.000000,-1,0
4,50,120,71,80,2.000000,-1,0
2,50,120,71,80,1.000000,-1,0
0,50,120,71,80,1.000000,-1,0
6,50,120,71,80,2.000000,-1,0
2,39,71,120,81,1.000000,-1,1
2,40,71,120,81,2.000000,-1,1
5,40,71,120,81,4.000000,-1,1
6,40,71,120,81,2.000000,-1,1
2,41,71,120,81,1.000000,-1,1
0,41,71,120,81,2.000000,-1,1
6,41,71,120,81,2.000000,-1,1
4,41,71,120,81,2.000000,-1,1
3,41,71,120,81,1.000000,-1,1
3,42,71,120,81,3.000000,-1,1
4,42,71,120,81,2.000000,-1,1
7,42,71,120,81,3.000000,-1,1
2,43,71,120,81,1.000000,-1,1
3,46,71,120,81,1.000000,-1,1
6,46,71,120,81,1.000000,-1,1
7,46,71,120,81,2.000000,-1,1
0,46,71,120,81,2.000000,-1,1
3,19,120,115,82,1.000000,-1,1
4,19,120,115,82,4.000000,-1,1
5,19,120,115,82,2.000000,-1,1
3,41,120,115,82,1.000000,-1,1
1,41,120,115,82,2.000000,-1,1
7,41,120,115,82,2.000000,-1,1
5,41,120,115,82,2.000000,-1,1
6,41,120,115,82,1.000000,-1,1
6,42,120,115,82,3.000000,-1,1
7,42,120,115,82,2.000000,-1,1
0,42,120,115,82,3.000000,-1,1
2,49,115,120,83,2.000000,-1,2
0,49,115,120,83,2.000000,-1,2
6,49,115,120,83,2.000000,-1,2
4,49,115,120,83,2.000000,-1,2
3,50,115,120,83,2.000000,-1,2
1,50,115,120,83,1.000000,-1,2
7,50,115,120,83,1.000000,-1,2
5,50,115,120,83,2.000000,-1,2
2,45,72,123,89,1.000000,-1,1
4,39,132,160,96,1.000000,-1,3
4,40,132,160,96,2.000000,-1,3
7,40,132,160,96,3.000000,-1,3
0,40,132,160,96,2.000000,-1,3
5,43,132,160,96,1.000000,-1,3
5,46,132,160,96,1.000000,-1,3
0,46,132,160,96,1.000000,-1,3
1,46,132,160,96,2.000000,-1,3
2,46,132,160,96,2.000000,-1,3
4,15,160,132,97,4.000000,-1,2
6,15,160,132,97,4.000000,-1,2
7,16,160,132,97,1.000000,-1,2
0,16,160,132,97,5.000000,-1,2
1,16,160,132,97,1.000000,-1,2
0,17,160,132,97,1.000000,-1,2
1,18,160,132,97,1.000000,-1,2
1,19,160,132,97,1.000000,-1,2
2,19,160,132,97,6.000000,-1,2
5,25,160,132,97,3.000000,-1,2
6,25,160,132,97,2.000000,-1,2
7,25,160,132,97,2.000000,-1,2
1,25,160,132,97,1.000000,-1,2
7,26,160,132,97,1.000000,-1,2
7,29,160,132,97,2.000000,-1,2
1,29,160,132,97,2.000000,-1,2
5,34,160,132,97,1.000000,-1,2
3,34,160,132,97,2.000000,-1,2
5,15,132,120,98,4.000000,-1,2
7,15,132,120,98,4.000000,-1,2
0,16,132,120,98,1.000000,-1,2
1,16,132,120,98,5.000000,-1,2
2,16,132,120,98,1.000000,-1,2
1,17,132,120,98,1.000000,-1,2
2,18,132,120,98,1.000000,-1,2
2,19,132,120,98,1.000000,-1,2
3,19,132,120,98,6.000000,-1,2
6,25,132,120,98,3.000000,-1,2
7,25,132,120,98,2.000000,-1,2
0,25,132,120,98,2.000000,-1,2
2,25,132,120,98,1.000000,-1,2
0,26,132,120,98,1.000000,-1,2
0,29,132,120,98,2.000000,-1,2
2,29,132,120,98,2.000000,-1,2
6,34,132,120,98,1.000000,-1,2
4,34,132,120,98,2.000000,-1,2
3,39,120,132,99,1.000000,-1,2
3,40,120,132,99,2.000000,-1,2
6,40,120,132,99,3.000000,-1,2
7,40,120,132,99,2.000000,-1,2
4,43,120,132,99,1.000000,-1,2
4,46,120,132,99,1.000000,-1,2
7,46,120,132,99,1.000000,-1,2
0,46,120,132,99,2.000000,-1,2
1,46,120,132,99,2.000000,-1,2
4,45,140,164,112,1.000000,-1,3
3,45,123,140,115,1.000000,-1,2
